1000701
1001223
1002480
1003270
1004306
1007610
1008356
1008859
1010304
1010812
1011851
1012941
1014552
1014778
1015066
1016084
1016260
1017082
1017143
1017330
1021118
1021485
1022925
1023805
1025189
1026161
1028430
1029761
1033130
1033615
1035724
1036696
1036735
1038190
1038440
1038543
1038843
1039576
1039935
1041994
1043005
1043268
1043441
1043836
1043905
1044212
1044730
1045463
1047386
1047498
1048095
1048141
1048501
1049680
1053134
1057801
1060936
1061085
1062023
1063083
1063912
1064049
1065157
1066603
1067373
1069327
1070663
1072082
1072969
1073092
1073461
1073617
1077168
1077960
1079354
1080432
1080638
1082735
1082848
1083466
1084179
1084994
1085823
1086671
1087738
1089357
1091379
1092013
1094630
1099159
1099513
1100850
1101500
1101696
1106089
1109970
1111083
1111534
1111670
1112818
1112946
1113298
1114582
1114978
1115323
1116613
1116694
1117693
1117800
1118283
1118366
1118400
1118653
1119055
1119663
1119715
1120905
1122996
1123185
1124423
1125090
1125450
1125971
1126840
1128039
1129368
1130048
1130141
1132834
1133154
1133482
1134037
1135221
1135642
1136387
1136815
1136965
1137186
1138791
1139875
1140255
1141994
1143011
1144018
1144331
1145951
1146182
1146265
1146280
1146880
1148397
1150408
1153319
1154024
1154186
1155160
1155433
1155837
1157953
1158580
1159835
1159836
1161360
1161984
1166608
1166786
1168283
1169464
1170030
1171051
1171533
1171666
1172037
1174090
1175750
1175933
1177371
1178352
1181233
1181883
1182385
1183275
1184390
1185059
1185364
1185595
1187089
1187611
1187942
1187990
1189380
1191523
1192373
1192752
1193161
1193677
1194257
1195555
1196854
1198356
1201560
1201638
1202535
1203122
1204822
1205256
1205461
1205703
1206149
1206918
1207735
1208529
1209165
1209375
1209513
1211160
1211195
1212495
1214458
1215140
1215268
1215449
1215482
1216583
1217341
1218118
1220164
1220467
1224348
1225636
1226351
1226671
1229379
1229909
1230234
1231627
1233439
1233550
1233719
1235056
1235786
1240519
1242076
1242300
1244105
1244658
1245085
1245957
1246897
1247083
1247996
1248321
1248820
1249042
1250253
1251253
1251567
1251609
1252227
1252243
1252617
1253910
1253978
1254105
1254140
1255187
1256554
1256752
1256874
1258775
1260422
1260911
1262490
1263882
1263900
1266265
1267448
1269873
1271273
1272442
1274709
1277289
1278282
1278572
1279188
1279293
1279350
1279439
1281079
1281840
1281933
1283239
1283676
1283852
1289495
1290322
1290404
1290459
1291080
1292687
1293299
1294504
1296142
1296619
1296685
1296954
1297185
1297707
1297944
1297991
1299499
1300427
1302791
1302997
1303739
1305323
1305651
1306505
1306851
1307193
1307678
1307699
1309169
1309347
1311017
1311177
1311692
1311818
1313032
1313726
1313734
1314094
1315732
1316195
1317685
1317718
1318921
1319243
1320539
1322223
1322700
1322898
1323159
1323212
1323348
1324247
1325162
1326227
1327337
1328375
1328429
1328462
1328504
1329052
1329054
1329754
1329994
1330614
1330931
1331104
1331846
1333995
1334067
1335183
1335255
1335382
1336045
1336429
1337945
1339389
1340521
1341850
1342182
1344294
1344507
1344780
1345661
1345854
1346877
1347224
1349124
1349344
1351642
1353432
1354311
1354434
1355292
1355346
1355913
1356919
1358271
1359056
1359105
1359272
1360766
1361910
1361979
1361984
1362833
1367598
1367887
1370719
1371267
1372725
1373139
1373457
1373653
1373692
1374543
1375548
1376777
1378787
1378816
1380035
1380530
1381005
1381827
1382042
1383588
1383820
1384022
1384754
1384834
1385499
1385577
1386666
1387401
1387521
1388559
1390374
1390478
1390918
1391224
1391611
1392116
1392913
1393164
1393457
1393893
1394556
1394592
1395961
1396392
1398057
1398270
1398742
1399082
1399179
1399828
1400355
1401766
1401976
1403318
1404651
1406088
1407073
1408370
1408402
1412240
1412324
1414258
1418065
1418953
1420034
1420622
1421019
1421683
1424033
1424392
1424852
1426597
1426775
1426996
1427548
1429012
1429853
1430682
1431756
1432896
1433278
1434145
1434477
1435615
1435993
1436357
1436871
1437444
1437688
1438631
1438931
1439252
1439481
1447588
1447775
1447831
1448299
1448337
1448550
1448657
1449265
1449471
1449514
1450240
1450340
1450395
1450508
1451137
1452370
1453552
1453916
1454552
1454701
1455268
1456357
1461526
1462472
1462997
1463734
1463839
1463891
1464225
1465462
1465905
1468623
1468811
1469367
1469817
1470186
1471024
1471172
1473304
1475181
1475294
1476746
1476924
1477893
1477928
1479243
1479289
1480939
1486494
1486629
1486912
1486961
1487792
1487943
1489117
1489250
1489600
1490036
1490797
1490952
1491267
1491638
1493224
1493846
1493941
1494028
1496982
1497829
1500237
1500344
1500599
1500730
1501215
1501870
1502855
1502951
1503080
1503286
1504752
1506644
1508575
1509105
1509902
1510818
1510957
1511570
1512277
1513294
1513410
1513574
1513803
1515345
1516672
1517355
1517779
1517945
1518597
1520173
1521344
1523218
1523430
1524000
1524050
1524171
1524766
1524898
1525012
1525356
1525976
1526648
1526781
1527058
1528011
1528331
1528790
1528917
1533113
1534724
1535282
1536317
1536521
1536893
1537623
1538007
1541328
1542022
1544873
1546071
1548466
1551573
1551602
1552817
1553408
1553481
1554364
1555482
1555838
1556208
1556424
1556989
1558211
1559009
1559437
1562645
1562793
1563741
1564537
1564904
1565438
1565974
1566013
1567953
1568024
1568678
1569013
1570705
1573038
1573450
1573454
1573878
1573940
1574715
1574929
1575819
1576661
1577641
1583854
1583914
1584301
1586562
1588362
1588883
1589422
1591761
1591788
1591936
1592429
1592491
1593622
1595269
1596108
1597317
1597517
1598132
1598258
1599240
1599392
1600525
1600835
1602426
1603190
1605261
1605399
1606413
1607911
1608990
1609086
1609258
1609392
1609714
1610423
1611122
1611221
1612157
1618733
1619121
1620357
1622018
1622426
1623338
1623605
1624768
1626596
1627563
1627910
1628443
1633126
1633691
1634134
1634336
1634979
1636501
1636920
1637445
1637907
1638391
1638637
1638821
1638827
1639282
1639862
1640111
1640200
1640477
1641760
1641847
1642109
1643321
1644223
1645149
1646236
1646348
1646499
1648180
1648215
1648926
1649996
1651111
1653836
1654528
1654706
1654757
1654933
1655256
1656425
1660790
1662521
1665155
1666046
1666756
1666962
1667945
1668384
1668663
1669781
1671363
1672283
1672517
1674236
1675378
1676074
1676088
1676873
1677517
1679835
1683115
1684190
1685751
1685967
1687809
1688105
1688283
1689624
1694798
1694874
1694983
1695188
1696672
1696798
1698062
1699562
1700844
1701472
1701506
1703113
1703938
1704112
1704484
1704655
1705176
1706176
1706223
1706366
1707265
1707583
1707838
1707869
1710461
1711073
1711846
1713198
1713302
1713720
1713898
1715685
1716076
1716755
1719834
1720521
1722023
1722082
1722109
1722705
1723979
1724608
1725360
1726202
1728074
1728083
1729049
1729945
1730379
1730513
1731387
1732513
1736424
1737064
1737426
1737625
1738672
1739369
1739543
1739868
1740207
1740961
1743384
1743830
1743867
1744390
1744429
1744738
1744940
1745809
1750678
1753340
1754875
1755581
1756470
1756733
1759347
1760118
1760634
1763035
1764211
1765818
1765844
1765992
1766224
1766289
1767497
1768172
1769035
1771500
1771516
1771842
1773097
1774245
1774256
1775641
1776605
1776732
1777160
1777984
1778562
1779636
1780939
1781257
1781604
1781735
1781899
1782039
1782470
1782721
1783032
1783094
1783476
1783692
1784855
1791603
1792312
1793434
1793929
1794849
1794852
1795098
1797244
1797983
1798575
1799981
1800577
1802024
1803238
1803860
1804728
1805372
1806291
1807552
1808832
1808859
1809437
1811224
1812065
1813875
1814781
1816639
1816916
1817392
1818058
1820067
1820395
1822497
1823284
1826211
1826779
1828524
1830488
1830863
1832268
1832605
1834717
1838432
1839077
1839306
1841333
1842494
1842548
1843202
1843250
1843767
1844223
1844716
1845001
1845091
1845405
1848107
1848276
1848748
1850189
1851438
1851728
1851948
1852137
1852985
1853638
1856398
1857028
1857219
1860659
1860685
1861402
1862091
1863235
1863238
1864013
1864023
1864553
1865803
1866491
1866855
1867245
1868549
1869229
1870090
1872607
1872700
1872796
1875108
1875251
1875775
1876459
1876951
1877034
1878523
1878914
1879556
1879781
1880342
1881593
1883005
1885472
1886125
1887504
1887973
1888455
1890215
1891458
1892548
1894053
1894213
1895251
1895977
1896146
1896236
1900015
1900530
1901487
1902104
1902254
1902354
1903616
1903772
1905365
1905429
1907961
1908118
1910833
1911672
1912706
1913119
1914090
1915690
1917221
1920118
1920437
1921538
1922397
1925776
1925827
1926064
1929793
1930557
1930996
1932496
1934110
1934330
1935342
1937726
1938393
1939630
1939792
1939957
1940274
1940779
1941039
1942896
1943219
1946460
1947089
1948052
1951200
1954859
1956312
1956393
1960666
1962206
1962266
1963657
1964047
1964322
1964798
1965617
1966112
1966634
1967364
1967572
1968581
1968591
1969667
1970839
1971202
1971409
1972940
1972982
1973088
1975593
1976794
1977922
1978519
1979051
1979182
1979581
1979666
1979795
1980122
1980538
1980849
1981318
1981344
1981640
1982153
1982513
1987029
1987544
1988103
1988158
1988245
1988319
1988804
1990182
1990960
1991662
1992499
1994627
1994661
1995288
1995837
1996981
1998161
1999711
2000174
2001628
2003123
2004043
2004354
2004574
2004917
2006178
2006616
2009122
2009369
2009497
2009648
2009664
2010784
2011372
2011921
2012320
2013393
2015632
2016360
2016582
2016962
2018202
2019356
2021385
2021883
2021888
2023447
2023837
2024198
2024366
2024857
2026134
2026687
2028261
2029406
2030107
2030430
2032411
2032527
2037710
2039046
2039800
2042968
2042998
2043051
2044105
2044452
2045431
2047287
2047869
2050068
2050168
2052021
2052323
2053023
2053638
2053929
2055813
2056160
2056877
2059480
2059829
2061218
2061398
2062389
2062552
2062675
2063554
2063758
2064454
2064617
2064713
2064880
2065399
2065404
2066580
2066600
2067061
2068267
2069096
2069750
2069831
2070053
2070650
2072207
2073330
2075136
2075429
2075947
2076539
2078858
2078884
2079111
2080159
2080279
2080882
2080974
2081369
2081795
2082008
2083776
2084888
2085387
2086173
2086777
2088927
2089086
2091104
2092632
2093515
2093856
2095118
2095144
2096133
2097261
2099533
2100920
2101536
2102873
2103753
2103792
2104239
2105591
2108479
2112314
2113122
2113270
2117123
2117853
2118684
2119979
2120665
2122358
2122972
2123788
2123908
2125229
2125352
2126126
2130292
2131829
2132417
2132509
2133904
2136602
2139281
2139484
2140407
2141030
2143808
2143932
2144198
2144748
2147039
2147115
2147179
2149308
2151072
2151092
2154502
2154665
2154725
2154745
2154837
2155490
2156245
2156926
2157421
2157457
2157817
2157898
2158559
2158671
2159706
2159984
2160373
2162343
2162830
2164975
2167807
2169079
2169356
2171392
2171902
2172915
2173343
2174109
2175724
2175967
2176551
2177077
2177315
2177463
2178435
2181841
2182963
2183579
2185593
2187410
2187552
2187591
2187697
2188727
2191415
2191435
2192593
2193947
2194937
2196481
2197306
2197811
2198083
2198633
2199547
2200069
2200593
2200953
2201120
2201911
2202421
2204809
2206622
2208281
2209342
2209449
2209633
2210556
2211056
2213093
2213205
2213217
2214149
2215808
2216049
2217464
2217785
2217993
2219262
2219506
2222161
2222488
2222567
2222720
2223929
2224134
2226085
2226569
2227114
2227117
2227738
2229078
2230502
2233043
2233248
2234386
2234773
2235562
2235629
2236372
2236702
2236884
2237447
2239835
2240019
2241275
2242121
2242186
2242553
2242766
2244434
2244889
2246362
2246682
2247049
2249312
2250159
2250415
2254340
2254547
2255742
2257471
2258178
2260801
2260856
2261087
2261208
2261765
2262466
2262789
2264581
2266886
2267250
2267720
2267828
2272659
2272733
2276121
2276356
2276812
2276961
2277618
2277784
2278207
2280278
2280853
2285516
2285799
2285997
2286882
2286985
2287315
2288303
2289417
2289917
2290004
2291545
2293276
2294099
2297567
2297584
2299453
2299466
2301176
2302531
2303904
2304279
2304679
2304693
2305412
2307123
2307477
2307948
2308967
2309896
2309956
2311971
2312017
2313059
2313625
2313976
2314561
2314926
2316502
2318192
2318337
2319682
2319839
2319844
2320787
2322195
2323283
2323939
2324937
2325656
2326341
2326671
2328094
2328169
2329360
2329445
2330153
2330797
2331051
2332581
2335047
2335578
2336689
2336735
2336787
2337952
2338148
2338218
2338328
2338990
2339057
2340096
2340559
2341461
2341466
2345573
2345788
2346821
2347047
2347510
2348620
2349085
2350764
2351528
2352144
2352485
2352517
2353109
2353966
2354925
2354962
2355635
2355801
2357676
2358311
2359566
2359769
2360722
2361135
2361573
2363190
2364494
2364935
2365032
2365200
2366667
2366886
2369460
2369627
2369648
2369915
2370725
2370911
2371794
2372302
2372950
2374474
2375595
2378934
2380294
2382841
2382856
2383096
2383920
2384233
2385345
2385533
2385985
2387148
2388446
2388793
2390208
2391792
2392213
2392658
2393146
2393561
2394030
2398314
2398533
2399369
2399981
2400020
2402377
2402598
2403170
2405695
2407279
2407542
2408061
2409118
2409906
2410297
2410674
2411755
2411795
2411914
2412411
2413291
2413498
2415546
2415886
2418547
2418588
2418707
2419412
2419599
2421577
2422073
2422704
2422726
2423457
2424622
2427100
2429179
2429265
2429981
2430588
2430947
2432811
2435069
2437187
2437700
2438245
2438337
2438470
2438980
2439356
2440354
2442097
2442719
2446947
2448672
2449726
2450121
2450506
2451577
2451739
2452674
2455854
2457907
2458183
2458592
2462352
2462519
2463847
2464360
2464850
2464958
2464991
2465490
2466075
2467167
2467172
2467909
2470485
2470716
2471180
2471443
2472516
2472578
2472891
2473604
2475575
2475924
2476923
2479491
2481305
2481739
2481870
2482011
2483385
2485612
2485640
2485729
2485931
2486070
2486211
2487228
2489980
2490498
2491471
2492163
2494908
2495600
2498015
2498114
2498275
2499406
2499820
2499890
2500199
2501473
2502192
2502653
2504036
2506596
2506877
2508131
2510784
2510970
2511170
2511210
2511390
2513463
2514354
2514653
2515230
2516197
2516373
2518272
2518621
2519007
2519200
2519301
2519664
2520193
2520517
2523017
2523140
2524065
2525122
2526682
2528115
2529380
2529922
2531757
2532310
2532326
2536500
2537085
2538747
2538951
2539974
2542135
2543010
2543513
2545106
2545399
2545767
2546771
2546856
2547382
2547528
2549034
2549947
2550207
2550378
2550925
2551528
2551897
2554736
2555104
2558963
2559277
2559288
2559916
2560235
2561710
2562318
2562882
2563924
2566546
2570164
2570295
2573310
2573969
2574160
2576725
2577094
2577213
2577781
2578109
2580892
2581186
2581618
2583277
2584305
2585734
2586598
2586867
2589573
2589763
2590220
2590513
2594879
2595234
2597920
2598425
2598906
2599991
2601568
2601733
2604061
2605377
2606968
2607758
2608867
2609130
2609385
2609709
2610203
2611000
2613060
2613992
2614118
2614262
2614505
2614517
2614767
2617281
2619528
2621432
2622317
2622537
2623717
2625060
2627441
2630064
2630266
2631997
2633279
2634059
2634347
2634604
2635417
2635810
2636606
2637297
2637938
2637942
2639071
2641456
2642506
2644620
2645829
2646396
2647719
2647785
2648739
2648787
2648960
2649142
2649492
2649600
2654465
2654726
2654753
2655526
2660316
2662201
2664667
2665657
2665882
2665976
2666920
2667830
2669334
2670371
2670535
2670979
2672110
2672495
2672769
2672984
2674035
2674383
2674901
2675836
2676564
2676896
2677237
2677941
2678109
2678289
2678777
2678943
2679784
2681660
2684498
2684796
2686121
2689309
2689682
2691295
2691866
2692343
2695934
2699744
2699891
2701164
2701599
2703688
2703746
2704830
2705379
2706589
2707196
2707229
2707802
2707852
2708153
2708776
2711046
2711158
2711232
2711444
2712134
2712900
2713020
2713700
2717279
2717372
2717410
2717670
2719767
2721883
2723271
2724044
2724755
2724938
2725209
2725778
2725933
2727025
2727603
2729637
2730717
2731863
2735945
2736761
2737281
2737737
2737747
2739675
2739749
2739982
2740098
2740109
2741420
2743135
2743605
2744532
2744896
2744953
2746407
2747471
2747821
2748216
2749324
2749423
2749595
2750170
2750945
2751097
2754076
2754219
2755287
2756346
2756374
2758172
2758733
2759789
2760946
2761983
2764077
2764138
2764810
2765980
2766458
2767005
2767757
2768923
2770028
2770857
2772736
2772845
2773556
2773770
2774153
2774234
2774367
2777335
2779197
2779775
2779979
2781947
2782077
2784697
2786689
2787345
2788503
2788940
2789390
2790103
2791107
2791819
2791868
2792639
2793279
2793781
2794281
2794600
2794641
2795672
2796978
2797157
2798016
2799025
2800557
2801133
2801273
2802361
2802692
2803251
2804675
2806820
2807242
2807786
2808706
2813056
2813240
2813484
2816480
2817253
2818973
2819197
2821298
2824213
2824247
2824549
2825794
2826173
2826269
2826315
2826499
2827337
2828850
2833079
2833145
2833744
2834917
2836887
2839611
2839987
2840040
2840628
2842652
2842864
2843098
2843327
2844220
2844548
2844816
2845208
2845503
2846625
2848174
2849171
2849240
2850857
2853184
2857035
2857363
2857890
2858967
2859151
2860578
2861127
2862712
2863126
2863799
2864070
2865022
2865443
2865607
2866656
2866924
2867307
2867927
2870084
2870157
2870982
2871091
2871507
2872699
2874941
2876831
2877840
2877979
2879352
2882217
2885180
2885481
2886254
2886974
2888274
2888574
2888969
2890467
2891251
2894926
2895652
2896883
2897477
2898235
2899968
2901103
2901291
2902095
2902984
2903963
2904556
2904893
2906043
2906231
2906665
2908385
2908958
2909145
2909389
2909798
2909902
2911381
2911874
2912299
2913165
2913963
2914829
2916186
2917294
2917360
2917536
2917595
2919772
2920891
2921565
2922239
2924415
2924591
2925095
2925271
2925994
2926714
2927200
2928980
2930234
2931135
2931393
2932292
2933520
2934241
2935309
2939871
2940520
2940684
2942663
2942881
2943294
2943336
2943867
2944514
2944985
2946520
2946991
2948890
2949572
2952661
2952669
2957256
2958242
2959306
2962491
2964350
2964632
2964690
2964971
2965938
2966231
2966426
2967647
2967655
2968358
2968539
2969855
2970260
2970406
2971230
2971323
2971428
2972418
2972458
2973812
2974409
2974748
2975172
2977804
2978544
2979943
2980358
2980467
2982228
2982727
2983422
2984145
2984678
2984768
2987186
2987308
2988563
2989308
2989835
2990234
2990409
2993985
2994036
2994048
2994876
2995185
2997682
2997723
2998310
2998880
2999989
3000748
3001721
3002313
3002483
3002890
3003339
3004263
3004949
3006383
3007345
3007444
3007740
3007888
3008892
3010709
3012841
3014840
3015412
3015445
3016098
3016420
3016703
3017446
3017462
3018634
3019419
3021720
3022652
3025279
3026018
3026257
3027004
3027285
3028400
3029676
3029910
3030200
3031063
3033073
3033916
3034616
3035025
3035560
3035615
3035756
3036203
3038997
3039812
3041523
3042705
3043121
3043537
3044314
3044616
3044898
3044950
3046226
3046293
3048212
3048878
3050130
3053118
3055215
3057153
3057160
3057459
3057845
3058029
3058045
3058104
3058588
3059042
3059715
3060160
3060473
3062494
3063012
3063014
3063381
3063398
3065425
3065749
3066519
3067344
3068035
3069039
3069557
3070151
3070301
3071160
3071241
3072184
3072688
3075808
3077761
3078027
3078170
3079396
3080151
3080807
3081184
3081845
3083014
3085004
3086097
3089049
3089437
3089859
3090816
3091174
3092071
3092689
3092814
3094698
3095474
3096077
3097822
3098312
3098533
3099306
3101197
3102202
3102666
3103581
3104843
3105514
3107871
3109309
3109606
3110804
3110841
3112366
3112588
3113547
3114208
3117162
3118582
3119288
3119962
3120691
3120764
3121810
3122720
3124877
3125161
3125256
3126740
3128838
3128849
3129898
3134279
3134391
3134778
3135134
3135262
3136997
3137497
3138034
3142444
3143681
3143716
3144140
3145406
3146670
3146928
3149744
3150541
3150638
3152049
3152094
3154007
3154325
3155281
3155905
3156481
3158078
3158960
3159269
3159525
3161443
3161621
3163213
3163509
3164831
3164886
3165847
3166471
3167585
3169054
3169427
3171033
3171548
3171972
3172280
3173139
3174649
3175437
3175630
3175686
3176153
3176795
3177091
3177250
3178282
3178453
3178833
3179793
3180584
3180940
3181871
3182666
3185283
3185483
3186216
3187462
3187657
3187882
3189254
3189667
3191738
3192046
3193390
3196186
3196706
3204078
3204328
3204764
3205165
3206637
3206985
3207274
3207302
3207525
3207823
3209242
3209488
3210060
3210234
3211726
3211791
3212629
3212635
3213544
3213864
3214713
3215505
3218456
3220117
3220485
3220849
3220947
3221230
3221605
3221642
3223213
3223812
3224052
3225437
3225743
3227078
3229526
3229652
3230487
3230800
3232264
3232351
3235742
3237881
3237961
3238876
3239168
3240904
3241146
3242340
3242827
3242870
3243385
3243482
3244119
3245128
3245237
3245709
3246542
3247740
3248278
3248681
3249285
3250138
3251939
3253288
3253775
3254733
3255238
3256445
3256644
3256787
3257141
3258943
3260101
3261065
3262421
3263166
3263238
3263453
3263463
3264465
3264632
3266060
3266323
3266924
3267157
3268998
3269352
3269737
3269789
3270547
3271480
3271791
3273247
3273461
3277895
3277944
3278204
3278561
3278804
3279267
3279992
3281708
3282967
3283148
3283873
3285163
3286032
3287310
3287951
3288237
3289076
3289409
3290429
3290674
3290730
3291298
3291540
3291776
3291809
3293436
3294901
3295720
3296932
3297109
3297470
3298263
3298793
3298956
3299518
3299860
3299884
3300235
3300426
3300698
3301210
3302022
3302301
3302389
3302558
3303891
3305878
3309511
3309833
3313123
3315648
3316137
3316273
3319329
3319875
3322504
3323457
3323709
3323768
3324224
3326475
3326517
3327002
3327414
3328760
3330124
3334197
3335992
3338856
3338903
3338962
3340815
3342987
3343103
3343485
3343684
3343789
3343963
3346030
3346224
3347763
3349059
3349150
3350085
3350465
3350952
3351261
3351353
3352706
3352717
3353111
3354879
3355187
3355509
3355620
3356125
3357624
3359643
3362558
3362933
3366001
3367093
3367438
3367663
3367926
3369172
3369685
3370723
3372207
3372639
3372767
3373056
3373142
3373806
3374445
3376316
3376455
3376701
3376806
3378179
3379137
3380502
3380689
3380721
3381776
3383288
3386352
3388497
3388978
3390154
3392170
3392487
3392566
3393598
3394127
3396508
3396741
3397008
3397636
3398056
3398095
3398868
3399259
3399785
3400703
3402169
3403473
3404707
3405157
3405598
3406323
3406883
3407292
3408008
3409715
3410478
3411569
3412787
3413024
3413116
3414162
3414411
3415332
3415597
3415772
3416012
3416116
3416830
3417698
3418856
3420599
3421976
3424146
3425195
3425556
3427397
3428135
3428461
3429734
3430135
3431325
3432668
3432807
3432944
3433593
3434682
3434793
3434905
3435446
3436027
3437778
3437961
3439352
3439510
3440385
3443655
3444089
3444682
3445268
3445418
3445490
3447519
3448180
3450209
3451772
3452739
3453254
3453283
3453975
3454495
3456674
3457813
3459169
3460002
3464198
3465045
3465432
3466358
3466492
3467890
3469278
3469320
3472090
3474215
3475252
3475801
3476828
3477204
3479225
3479375
3480322
3480506
3481616
3481816
3482810
3483987
3484083
3485198
3487149
3488483
3489336
3491255
3491601
3493407
3493991
3495172
3495565
3495819
3496006
3496251
3498225
3498645
3498835
3499277
3499467
3500108
3500326
3500845
3503070
3504557
3504842
3506118
3508224
3510437
3510772
3511001
3511174
3511227
3512734
3512863
3514166
3515065
3516308
3517838
3518024
3519249
3520176
3520541
3523218
3524073
3524088
3527444
3527612
3529334
3529889
3530234
3530297
3531696
3533933
3535341
3535996
3536502
3537425
3538975
3540855
3541054
3542506
3543724
3544236
3546135
3547879
3549069
3549384
3549906
3549965
3550179
3550305
3552542
3554838
3555365
3555862
3558431
3559845
3560300
3560574
3561853
3562018
3562056
3562134
3562490
3563298
3563319
3564915
3565349
3566486
3566738
3568633
3568958
3570778
3570914
3570950
3571374
3572143
3572798
3577604
3577812
3579527
3579719
3580144
3583923
3584847
3584931
3585740
3585835
3586378
3587059
3587717
3588649
3588672
3591050
3591760
3592173
3592298
3593635
3593679
3593753
3593869
3594836
3595789
3595811
3597724
3597893
3599410
3599774
3601194
3601370
3601789
3602230
3602938
3603337
3605434
3606125
3606418
3607065
3609198
3610662
3611629
3612569
3613052
3613119
3614732
3615001
3615341
3615383
3616545
3617603
3619310
3620305
3620913
3620986
3621417
3621434
3622556
3623189
3623986
3627547
3627702
3629498
3630733
3632397
3633054
3633431
3634128
3634581
3634621
3635193
3635796
3636526
3636814
3637240
3637484
3638137
3638660
3640049
3640122
3640547
3640914
3641582
3641883
3642376
3642423
3642785
3643431
3644557
3644970
3647439
3649483
3649529
3651628
3653341
3653379
3654128
3654741
3654919
3655181
3655714
3657434
3658600
3659135
3660286
3660821
3661087
3661782
3663304
3664173
3665909
3666948
3668241
3668803
3669479
3669894
3670205
3671099
3671154
3671694
3672177
3672712
3673253
3673751
3676707
3680432
3680753
3681349
3683501
3685561
3685688
3689145
3690311
3691861
3693248
3696395
3699640
3699964
3700867
3702187
3704412
3705345
3707092
3707289
3707840
3708477
3709469
3709812
3710122
3710269
3710936
3711299
3711489
3711554
3711985
3712539
3712635
3713141
3714567
3715729
3715986
3716371
3716875
3719637
3719924
3719944
3720519
3720615
3720940
3721372
3722420
3722599
3724965
3727438
3728642
3728989
3730009
3730148
3732059
3733236
3734003
3734317
3734972
3735186
3736154
3736199
3737803
3739960
3740513
3741336
3742344
3743477
3744022
3746075
3746664
3747479
3747562
3748218
3748941
3749379
3750606
3751718
3754171
3754319
3754383
3754967
3758661
3758966
3759061
3760280
3764147
3764633
3765650
3766575
3768036
3769586
3770448
3770493
3771801
3773302
3776512
3776617
3777893
3779348
3779756
3779767
3782272
3782437
3784093
3785842
3789453
3789592
3791014
3792207
3795686
3796149
3796644
3797379
3797664
3797860
3798656
3799261
3799565
3799668
3799931
3799938
3800480
3801667
3803869
3805084
3806035
3807231
3807503
3808421
3809375
3811351
3813004
3813515
3814142
3815748
3816532
3817159
3818677
3821394
3821714
3821863
3823583
3825009
3825478
3827429
3827459
3828214
3828322
3830126
3831304
3831989
3833933
3834019
3835315
3836203
3840021
3841370
3841877
3843086
3843090
3843278
3843961
3844856
3845037
3845433
3845937
3846044
3846626
3847922
3848233
3848434
3848581
3849148
3849285
3849707
3850517
3851742
3852340
3852871
3853352
3854959
3855665
3856009
3856108
3856648
3857160
3859059
3859639
3862275
3862862
3865478
3865693
3867148
3867497
3868873
3869219
3870809
3872642
3873118
3875282
3875796
3876302
3876756
3876839
3878516
3878784
3879743
3879759
3880150
3880821
3881018
3881021
3882047
3882739
3883190
3883590
3883591
3884528
3885150
3885987
3886779
3886929
3887274
3887508
3888561
3889581
3891770
3891868
3892137
3892346
3892444
3892462
3893635
3894650
3895770
3895909
3895916
3896715
3899147
3899321
3900177
3900666
3901679
3902303
3903011
3904097
3904270
3904379
3904609
3905087
3908672
3908917
3909223
3909230
3909758
3912915
3913654
3913947
3915987
3918339
3919339
3921778
3921898
3921998
3923405
3923582
3924184
3925342
3926141
3926638
3927733
3929050
3929178
3929467
3929728
3933295
3933950
3934818
3935662
3937300
3937335
3937990
3938020
3938606
3938685
3939234
3939781
3940327
3940653
3940732
3940892
3940980
3941092
3941331
3943485
3943983
3944110
3945291
3945534
3945830
3946079
3949041
3949925
3950523
3952760
3954502
3954568
3956180
3958227
3958306
3959008
3959392
3960336
3963300
3963515
3966355
3966841
3970204
3971690
3973644
3974497
3975556
3975693
3975834
3975877
3976257
3976313
3976347
3977663
3978060
3979570
3979734
3980961
3981700
3981808
3982840
3984593
3984728
3985011
3985429
3986152
3986591
3988101
3988745
3989779
3990949
3991101
3992279
3993277
3995064
3995856
3997168
3997215
3997900
3997905
3998836
4001408
4003727
4004212
4004875
4004997
4005823
4006874
4007111
4007302
4008738
4009184
4011126
4011238
4013827
4016042
4018298
4018428
4019186
4021717
4022101
4022760
4023107
4023998
4024626
4026578
4027042
4028386
4028541
4031338
4033281
4036406
4036952
4037240
4037398
4038014
4039761
4041123
4042023
4042441
4046011
4047037
4047845
4048153
4049173
4049705
4050529
4052796
4055569
4056846
4057457
4057795
4057855
4058476
4058918
4059051
4059333
4060190
4061203
4063454
4063470
4063527
4063542
4064399
4066142
4066520
4067691
4068013
4068556
4069569
4071391
4071565
4071702
4072252
4072839
4073253
4073418
4073767
4074952
4075804
4076250
4078318
4078646
4078883
4080888
4081959
4083076
4083435
4083671
4084487
4084768
4084859
4086225
4086363
4088543
4088758
4089097
4089176
4089361
4089653
4089807
4090391
4091426
4091948
4092154
4093194
4094389
4094572
4094846
4095838
4097744
4097845
4098040
4101006
4104370
4105297
4105612
4106118
4106415
4107901
4108331
4108632
4109749
4109934
4111116
4111254
4113944
4114497
4116066
4118133
4118814
4119128
4120140
4120771
4121462
4122062
4123663
4123953
4124378
4124912
4126533
4129826
4129827
4129893
4130100
4130247
4130955
4131102
4131392
4133688
4133954
4135361
4137094
4138828
4139264
4139494
4140343
4142513
4142701
4143144
4143545
4143730
4143749
4143805
4147899
4147949
4148949
4150817
4152984
4153001
4153633
4153833
4154063
4154161
4154706
4155391
4155394
4156892
4158985
4160678
4161717
4163181
4165420
4166192
4166801
4166905
4169565
4170446
4171450
4172430
4172524
4173407
4173590
4174375
4175155
4175192
4178013
4178793
4179639
4179959
4179988
4180420
4180885
4181474
4181871
4182232
4183875
4184053
4185411
4185417
4185467
4186103
4186734
4187623
4188418
4188630
4188671
4188739
4189299
4189641
4189650
4190114
4191458
4191459
4193427
4193529
4194177
4194280
4196046
4200049
4200832
4201672
4205518
4208884
4209216
4210074
4212121
4212267
4212706
4213904
4215255
4215267
4215306
4215846
4216274
4216426
4217438
4218080
4218559
4219283
4219692
4219921
4220109
4220143
4220813
4221345
4221714
4222013
4222414
4223058
4223280
4224309
4227917
4228794
4231775
4232358
4232518
4233173
4233299
4234234
4234310
4235123
4235168
4235203
4237028
4238462
4241504
4242275
4243473
4244008
4244238
4245327
4245472
4245911
4245944
4246855
4246945
4247816
4250267
4250340
4251716
4251844
4252201
4252766
4253086
4253831
4255586
4256471
4257112
4257456
4258260
4258891
4258894
4258971
4260437
4260801
4262186
4265797
4269554
4269770
4269869
4273605
4275951
4278340
4278364
4278985
4279049
4279282
4279726
4282112
4282274
4282464
4282467
4284238
4284726
4286055
4286246
4286386
4286594
4291651
4292138
4293963
4294474
4294937
4295408
4297008
4298851
4301783
4302064
4302505
4303341
4305256
4306385
4310304
4310519
4310719
4311413
4315406
4315495
4320522
4320554
4320842
4321001
4325205
4325405
4325804
4326117
4326618
4327955
4327959
4329699
4330029
4330511
4334181
4334236
4335436
4335744
4335866
4336307
4339173
4340818
4343703
4346458
4346461
4347001
4347080
4347355
4347414
4347647
4349256
4350005
4351915
4352746
4352976
4355028
4355158
4355714
4357099
4358470
4358621
4359421
4361150
4361467
4364526
4365250
4365427
4365706
4365813
4365893
4365904
4366069
4366855
4367865
4368517
4369092
4369093
4369867
4370170
4371000
4372440
4372778
4374198
4374802
4376568
4378006
4378486
4379251
4380273
4381000
4381444
4383006
4383830
4384605
4385649
4385954
4386116
4386223
4386473
4386852
4386861
4387135
4387386
4387944
4388249
4389074
4389833
4390506
4391255
4392020
4392177
4392457
4393220
4394824
4396150
4396635
4399983
4401924
4402579
4403377
4404603
4405925
4406205
4407789
4407904
4408160
4410385
4412251
4413136
4413854
4415036
4416288
4416518
4416640
4417127
4417378
4420632
4421506
4422942
4426309
4427050
4428885
4429463
4430482
4431750
4435013
4435696
4435760
4435878
4436601
4437442
4438071
4439977
4439999
4441128
4441471
4441765
4441847
4442814
4442844
4444833
4446269
4446435
4446964
4447391
4448318
4448863
4448898
4449381
4450711
4450789
4451010
4452123
4453511
4453751
4455495
4456678
4458616
4458868
4458956
4459398
4461077
4462551
4463332
4463791
4464700
4469243
4470671
4472071
4481693
4482543
4484767
4486321
4486635
4486675
4486836
4487063
4488355
4490987
4491393
4492025
4493714
4495427
4495833
4497567
4497780
4498224
4499470
4500852
4502810
4504661
4506351
4506860
4507056
4507380
4508706
4508765
4510517
4511619
4511728
4515343
4516365
4518241
4519067
4519629
4519762
4521199
4523747
4525981
4527351
4528108
4528642
4529040
4530941
4530947
4531814
4536091
4536926
4538375
4539750
4541182
4541775
4542609
4543251
4544571
4547362
4547762
4548008
4548702
4548703
4548894
4548910
4549918
4551088
4552132
4553019
4553682
4556106
4558164
4558200
4558902
4560464
4561423
4561585
4561943
4563648
4564866
4565012
4566143
4566994
4567032
4567053
4567532
4567878
4569136
4570416
4570483
4571013
4572390
4572821
4573352
4575380
4575521
4576595
4577591
4577606
4577677
4578482
4578973
4581481
4581537
4582104
4582907
4583286
4583632
4583703
4586028
4586379
4587469
4587766
4590334
4591954
4591971
4592834
4595474
4595542
4596352
4596633
4598812
4599044
4599869
4600643
4601152
4601550
4602183
4606997
4607444
4608372
4608537
4608709
4609087
4609289
4609320
4611352
4612285
4613114
4614175
4614938
4615487
4616524
4617135
4619400
4621082
4622518
4624059
4624207
4624467
4624542
4626803
4627851
4628211
4628802
4629982
4631150
4632662
4633019
4633181
4634632
4635066
4635721
4637314
4639119
4639799
4640266
4641037
4641830
4644777
4644816
4645155
4645323
4646118
4646742
4647578
4647955
4648480
4651339
4651455
4651997
4653148
4653433
4655276
4657032
4658358
4658359
4659755
4660497
4660700
4662543
4663562
4663889
4665121
4665799
4666171
4667136
4668510
4668581
4668817
4669391
4669423
4669536
4669817
4673118
4673885
4674034
4674071
4675330
4675414
4677300
4678614
4678982
4679000
4679900
4679996
4682605
4682656
4684307
4685721
4688035
4688582
4689355
4690710
4690879
4691022
4695449
4696021
4696444
4697115
4697151
4699172
4699843
4702023
4703607
4704014
4705321
4705715
4705775
4705826
4706788
4707118
4708451
4709443
4710001
4711673
4713561
4713622
4715356
4715527
4715697
4716008
4716155
4716227
4716528
4718533
4719366
4719651
4721286
4721718
4722424
4723752
4726124
4726469
4726504
4726876
4727801
4728522
4729616
4731535
4732084
4733841
4735160
4737689
4737847
4737968
4738643
4739084
4739988
4740485
4740713
4741571
4741750
4742956
4745450
4745964
4746391
4746453
4747387
4750519
4750842
4752375
4752485
4753336
4754581
4756182
4756459
4756792
4758607
4758720
4760603
4760941
4761822
4763912
4765000
4766307
4767021
4767192
4767573
4767828
4769794
4772879
4774187
4774703
4775097
4775304
4776859
4778365
4778736
4779411
4780666
4781199
4781370
4781467
4781640
4781850
4781879
4784057
4784308
4784805
4785481
4786960
4787857
4790362
4790497
4795762
4795848
4796186
4796327
4798669
4799382
4799548
4800545
4800698
4801804
4802349
4802399
4802581
4802617
4802871
4803449
4806098
4808909
4809048
4809242
4812538
4813024
4813814
4814919
4815025
4815659
4816211
4817860
4819081
4819545
4821878
4824816
4825860
4828002
4828402
4828982
4830303
4831816
4833833
4834135
4834221
4834298
4834745
4834879
4835196
4835608
4835927
4835987
4836111
4836841
4836934
4837336
4838759
4838832
4839320
4839422
4839815
4840039
4840060
4840351
4840986
4841812
4842686
4843968
4844975
4845461
4845525
4847340
4848250
4848886
4850950
4854183
4854868
4855618
4857257
4857540
4857575
4857618
4858214
4858989
4859457
4859799
4862069
4863115
4863231
4863283
4863773
4864579
4865730
4865820
4870303
4871777
4872703
4873944
4875093
4875251
4878523
4879447
4880786
4882965
4884360
4884617
4886267
4888070
4888403
4888508
4888720
4889528
4890760
4891102
4891585
4891934
4891975
4892843
4893870
4896228
4896841
4897633
4897732
4897969
4898695
4900552
4901615
4902911
4903160
4903498
4903612
4903883
4904617
4905077
4905697
4905989
4906239
4906720
4907212
4907647
4908123
4909124
4909404
4910162
4910621
4911050
4911267
4912943
4913218
4913803
4914265
4914349
4914688
4914925
4915942
4918832
4919293
4919895
4920082
4920815
4921996
4924536
4924581
4925119
4925694
4925762
4926507
4926740
4926833
4927752
4928124
4928525
4929737
4929925
4933331
4935251
4935260
4935939
4936469
4936574
4936660
4936690
4936956
4937164
4937358
4939615
4939945
4940608
4940716
4940891
4941382
4941438
4941710
4942462
4943213
4943516
4945099
4945962
4947263
4948510
4949058
4951191
4951727
4952598
4952754
4953229
4953398
4953681
4954180
4955670
4956043
4957049
4958010
4958486
4959069
4959281
4959570
4960656
4960734
4962210
4962963
4963751
4965186
4965640
4965927
4967156
4967867
4967995
4968513
4969461
4969999
4972270
4975689
4975838
4976886
4977996
4978489
4979125
4981242
4981932
4983389
4984236
4984499
4984532
4984960
4985071
4986390
4987016
4988170
4989674
4989724
4989842
4989894
4989950
4990339
4990375
4990489
4990608
4990861
4991478
4992181
4992804
4993276
4993927
4994109
4994159
4995874
4996240
4996455
4997552
4997630
5000212
5000780
5001234
5001405
5003806
5004276
5006187
5006243
5006689
5007032
5007668
5007885
5007888
5008151
5010329
5013345
5014517
5015552
5016026
5018735
5018904
5019842
5022285
5023347
5024219
5027566
5028673
5029002
5030860
5031444
5031613
5031682
5032576
5032687
5032983
5033560
5033669
5033917
5033931
5035316
5035590
5036628
5037220
5037453
5037935
5038154
5040957
5041111
5041830
5045792
5048392
5048855
5050446
5052979
5053296
5054113
5054627
5054988
5055660
5058487
5058943
5059226
5060705
5060994
5061127
5061867
5062634
5063872
5064410
5064545
5065310
5067181
5068137
5070274
5071361
5072248
5073611
5074065
5074873
5075271
5075942
5077451
5078167
5078696
5079961
5080113
5080932
5081848
5083847
5084815
5084970
5086083
5087266
5087473
5089307
5089311
5089774
5090032
5090105
5091177
5091402
5094182
5094625
5096605
5097037
5097180
5100409
5101018
5102454
5102566
5103899
5104693
5105054
5106776
5107386
5108286
5108484
5108945
5109414
5109704
5109967
5110104
5110996
5111324
5113994
5115143
5116751
5117285
5117735
5118633
5119761
5119816
5121136
5121774
5123112
5123877
5125671
5127336
5127529
5129489
5129844
5130046
5130298
5130386
5130891
5137208
5137657
5139288
5141053
5141728
5143416
5143528
5144183
5144778
5145341
5145544
5145861
5146050
5146788
5147149
5147491
5147976
5148057
5148072
5148750
5149154
5150894
5152334
5153121
5153147
5153607
5154331
5154351
5155818
5156658
5156780
5157094
5157277
5157285
5157543
5159026
5160252
5162154
5162298
5163679
5164428
5165817
5166251
5167146
5167498
5168814
5171487
5172509
5172754
5172987
5173734
5173882
5173923
5174094
5178161
5178215
5178443
5178626
5178905
5179695
5181458
5181563
5182366
5183419
5183916
5184861
5184989
5188197
5189509
5189641
5190584
5192451
5193038
5193565
5194723
5195506
5195732
5196101
5196287
5196579
5197556
5199849
5200103
5200584
5200612
5200865
5202496
5204813
5212943
5213052
5214560
5215294
5215575
5215814
5217665
5217774
5218234
5219508
5219877
5220367
5220939
5221025
5222188
5223496
5223519
5225434
5226395
5227706
5229213
5229839
5230196
5231047
5231537
5233762
5234306
5234430
5236252
5236455
5239249
5239847
5241062
5243307
5246371
5248176
5248346
5248451
5250504
5251994
5252086
5254920
5255170
5255510
5256051
5256394
5258138
5259347
5261457
5263185
5264796
5264963
5265566
5267007
5267413
5269773
5270665
5270832
5271345
5272451
5272903
5273119
5273608
5273713
5275472
5276788
5276988
5277918
5278061
5278686
5282494
5283481
5283493
5283598
5284324
5285107
5287618
5289024
5289656
5291623
5293836
5294899
5295136
5299165
5300208
5302251
5305520
5305639
5307505
5307976
5309000
5309076
5309595
5313489
5314992
5315117
5315425
5319199
5319711
5319915
5320328
5320964
5323106
5323110
5323818
5323999
5324860
5325511
5325597
5325637
5327505
5327652
5328269
5329894
5331434
5332679
5332708
5335608
5336289
5337056
5338133
5338302
5340293
5342569
5343172
5343899
5345463
5345479
5347723
5348601
5348634
5349742
5351233
5351277
5351580
5352544
5355435
5356253
5358086
5360162
5362323
5363118
5363571
5365019
5365335
5365822
5365958
5366070
5366303
5367037
5367413
5368231
5368837
5370092
5370607
5371777
5372265
5372586
5373920
5375063
5377681
5378125
5379853
5379929
5380301
5380782
5381440
5383174
5383373
5384634
5385914
5386311
5389234
5391223
5391368
5391741
5393625
5395210
5395892
5398833
5398951
5399670
5400953
5403390
5404987
5405367
5407771
5407813
5409848
5410144
5411399
5412301
5413440
5419394
5419759
5419771
5419785
5420460
5421206
5421213
5422473
5422912
5424186
5424270
5424809
5425400
5425663
5426124
5426642
5426919
5427320
5428563
5428921
5429731
5431171
5431342
5431496
5432914
5433731
5434579
5435176
5436261
5438495
5439491
5440148
5441347
5443716
5443850
5444237
5444380
5445593
5446088
5447163
5449030
5449545
5449558
5451424
5451755
5453135
5453737
5454159
5455207
5455593
5455602
5455798
5456113
5456911
5457583
5457848
5458170
5458550
5459283
5459467
5460584
5461167
5462814
5464025
5465399
5465508
5465630
5466329
5468563
5468575
5470520
5470727
5471796
5473206
5476641
5479590
5480602
5481701
5481913
5482585
5484225
5484755
5484835
5485690
5485887
5486337
5487009
5487679
5488380
5489768
5491184
5491275
5492163
5494044
5494513
5496720
5496994
5497470
5497850
5498028
5498402
5499245
5499756
5500762
5500939
5501554
5502776
5502970
5502999
5504867
5505652
5507182
5508340
5508521
5508983
5509321
5509380
5514132
5514765
5517112
5517925
5518714
5518924
5518991
5519841
5519945
5520109
5520895
5521595
5525837
5527485
5527903
5528443
5528738
5530368
5530613
5530819
5530859
5530876
5531136
5531179
5534194
5535016
5535432
5536151
5536198
5539634
5539852
5542046
5542459
5542752
5543295
5544018
5545045
5547677
5548958
5551711
5551938
5552027
5553185
5553206
5554660
5555365
5556811
5556882
5557079
5558253
5559164
5559258
5560742
5560840
5561807
5562276
5562542
5563253
5563368
5564765
5566845
5568151
5569115
5569553
5571658
5571796
5573353
5573355
5573760
5574348
5574522
5575138
5575216
5575834
5578083
5578919
5579321
5580447
5580460
5582412
5582956
5583201
5583290
5584208
5584882
5586293
5586837
5588310
5589025
5589898
5590045
5590336
5590723
5591000
5591065
5591754
5593641
5594419
5597741
5599360
5600473
5600717
5601575
5601870
5603262
5604069
5604789
5604793
5605247
5605296
5606057
5606982
5607903
5609148
5609806
5610336
5610795
5611066
5611780
5612398
5613863
5615396
5615452
5615487
5615598
5615628
5616283
5616653
5617238
5618894
5619161
5619953
5620450
5621082
5623181
5623280
5626060
5626712
5626719
5627182
5629567
5631122
5631512
5633351
5634465
5634680
5634759
5635500
5636995
5637717
5639206
5639439
5639835
5640709
5641479
5643110
5644464
5645232
5646425
5646845
5647836
5649666
5650899
5651264
5651699
5651840
5652804
5655300
5655755
5657265
5657305
5660914
5663156
5663805
5664837
5665055
5666161
5666799
5667383
5667650
5668160
5668213
5668315
5671258
5672657
5673677
5674955
5675039
5675121
5675923
5680037
5681543
5682798
5683182
5683945
5686184
5686467
5688976
5689335
5690187
5690256
5690434
5690575
5690826
5693548
5694207
5696357
5697794
5699964
5700304
5700804
5700844
5701183
5701191
5701687
5701779
5703827
5703840
5704714
5704802
5705097
5705173
5705485
5705753
5706497
5706801
5707734
5708024
5709332
5709909
5712142
5712299
5712310
5712358
5713356
5713419
5713689
5715338
5715976
5718007
5718108
5718738
5718756
5719630
5719775
5720436
5721213
5721607
5721612
5722287
5722305
5722527
5722613
5722666
5722718
5724160
5725385
5725540
5726151
5726160
5726648
5727797
5729263
5729440
5729845
5730177
5732824
5732962
5734036
5734117
5735391
5736457
5736730
5737321
5738034
5740972
5740978
5741401
5741708
5742324
5742385
5742430
5742698
5742712
5743245
5743465
5743956
5744157
5744711
5747015
5748388
5749426
5749652
5753485
5753838
5754130
5754178
5755117
5756887
5758108
5758293
5759098
5761950
5763584
5764081
5764936
5765839
5765888
5766152
5766156
5766418
5767138
5767257
5767478
5768909
5769836
5772487
5772849
5772928
5774567
5775366
5776242
5776609
5777140
5778186
5778760
5778846
5779588
5780077
5780523
5781294
5781550
5781726
5782947
5783561
5785158
5785569
5787265
5788418
5789073
5790553
5792903
5793239
5794010
5794599
5795509
5795513
5796584
5796923
5798281
5798710
5798737
5799335
5799777
5800882
5802354
5806091
5808701
5809191
5809970
5810103
5811153
5811937
5813173
5813335
5814245
5814780
5815964
5816746
5816935
5817328
5819554
5820147
5820984
5821426
5821530
5822116
5822510
5823265
5823709
5824285
5824415
5825782
5829179
5829493
5829674
5829765
5830722
5831628
5831853
5834395
5835854
5837001
5837454
5840456
5842538
5842609
5843914
5844686
5845999
5846628
5847547
5848447
5848553
5849414
5849605
5850040
5850084
5850244
5850973
5851834
5851996
5852437
5853224
5853333
5854333
5854757
5856844
5860055
5861113
5861476
5863687
5863927
5863989
5864361
5865767
5867071
5867117
5867182
5867183
5867753
5869221
5870379
5870806
5872244
5873256
5873803
5873902
5874101
5876149
5876728
5877624
5880550
5881694
5882546
5884186
5885247
5888631
5891153
5892110
5892331
5893144
5895103
5897281
5897296
5901484
5902670
5902768
5903274
5905853
5907088
5908154
5911227
5911362
5911571
5911694
5912669
5912866
5912961
5914210
5915598
5916691
5917206
5918749
5918822
5919626
5920236
5920338
5920414
5920830
5924391
5927248
5927774
5927782
5929130
5929867
5930099
5932051
5932088
5936641
5939325
5939410
5939868
5940392
5942708
5942812
5943003
5943580
5945114
5946672
5947369
5949748
5949935
5951870
5953802
5956651
5958080
5958563
5958901
5959337
5959361
5960971
5961599
5962184
5962480
5962938
5964756
5968584
5969844
5969951
5970274
5970833
5972301
5972793
5972922
5973582
5973845
5974282
5974768
5974943
5976391
5979505
5979598
5980218
5980663
5981377
5981602
5983952
5985073
5987396
5988092
5988634
5988953
5989747
5989975
5990554
5994036
5994067
5995427
5996517
5996569
5996658
5998131
5999165
5999318
5999504
5999665
6001360
6002228
6002544
6002650
6006003
6006171
6006668
6008490
6009165
6009213
6009780
6010647
6011316
6011673
6013611
6014164
6014861
6017088
6018131
6019246
6019530
6019665
6020610
6020987
6021087
6021432
6023091
6023536
6024192
6025520
6028034
6030346
6032262
6032451
6032480
6035713
6038132
6038938
6040107
6040215
6041760
6042335
6042447
6043119
6043199
6045834
6045929
6046720
6046997
6047798
6050885
6051837
6052307
6052640
6052858
6054269
6054864
6056562
6057130
6057583
6058442
6059082
6059566
6059974
6062321
6063121
6065040
6065582
6066399
6067930
6068103
6068860
6069419
6069720
6069915
6072578
6073620
6073889
6074100
6074466
6075717
6076237
6076289
6076410
6076751
6077708
6078387
6078487
6079386
6080346
6081772
6081844
6082277
6082600
6084951
6085178
6085460
6085900
6086595
6087370
6089019
6089548
6090125
6090554
6094308
6096387
6097784
6097794
6098054
6098223
6098296
6098656
6100487
6101995
6102280
6103826
6103989
6104196
6104895
6105354
6106193
6106410
6106454
6107364
6107711
6107881
6109283
6110155
6111080
6112915
6115394
6115641
6116569
6118757
6120471
6120627
6124315
6124529
6125956
6126432
6127048
6127219
6129091
6129469
6130232
6130336
6130637
6132847
6134102
6135174
6135339
6135465
6136915
6137646
6138361
6139200
6139993
6140990
6141713
6142935
6146804
6146931
6148299
6149485
6149912
6151640
6153563
6154094
6154131
6154356
6154942
6155742
6157987
6159073
6159766
6160210
6160246
6160496
6163298
6165399
6165536
6166971
6167052
6167324
6168903
6169468
6169816
6170252
6171769
6172065
6172221
6173042
6173409
6175464
6175791
6176327
6177203
6182729
6183724
6184258
6185038
6185056
6186614
6187305
6187755
6188579
6190803
6192540
6194492
6194572
6195567
6197023
6197613
6199150
6199198
6200362
6200916
6202688
6203068
6203401
6203924
6203961
6204840
6205289
6205342
6206866
6207516
6209202
6209217
6209910
6210067
6210099
6210741
6211294
6211442
6212673
6214993
6216143
6217249
6217734
6218776
6219450
6220013
6222480
6223297
6223331
6224006
6224650
6224758
6224883
6224903
6225089
6227941
6228529
6228819
6228969
6231138
6232902
6235622
6235663
6237075
6237299
6237834
6238593
6239607
6241575
6242559
6243489
6243837
6246685
6246914
6248775
6249515
6252761
6253123
6254317
6254588
6255111
6259753
6260296
6260370
6260485
6260882
6265107
6269114
6269234
6269995
6270551
6270626
6271553
6272895
6275478
6275888
6276642
6277323
6277398
6279465
6282410
6284414
6285298
6288234
6288700
6288854
6288892
6288999
6289250
6289734
6290054
6292296
6293058
6293373
6293590
6293832
6295531
6296634
6296854
6297161
6297804
6299214
6299742
6299795
6300352
6301827
6302582
6303777
6304539
6304738
6306200
6307743
6308213
6311642
6313103
6314550
6315737
6317435
6317836
6317924
6320279
6322204
6322545
6322760
6323218
6324825
6325440
6326429
6326995
6327441
6327553
6327650
6327841
6328001
6329871
6329936
6332620
6333609
6333949
6333990
6334434
6334554
6334840
6335127
6335300
6335387
6335585
6336193
6336389
6336406
6338354
6339734
6341239
6341545
6341712
6342684
6344099
6344240
6344409
6345280
6346377
6347050
6347848
6348305
6348988
6351575
6352411
6352532
6356028
6356484
6356642
6357505
6358732
6362179
6362643
6363565
6364081
6364415
6365809
6366958
6367989
6368159
6371140
6371457
6372486
6373499
6373516
6375650
6377563
6377759
6377768
6378062
6378391
6378992
6379366
6381324
6381805
6381913
6382706
6384049
6386386
6386652
6387941
6388691
6388905
6389300
6391369
6392503
6393896
6394436
6395519
6395862
6399626
6401025
6401117
6401361
6401955
6403303
6403833
6404280
6405158
6405693
6406061
6406179
6410122
6410706
6410927
6411109
6411426
6411436
6411985
6412173
6412849
6414512
6414987
6416749
6417323
6417356
6418466
6419481
6420094
6420319
6420352
6420716
6420730
6421006
6424211
6426324
6428153
6428516
6429632
6430026
6430222
6430352
6431265
6432304
6432475
6432611
6432878
6433710
6433855
6436607
6437981
6439214
6439782
6440716
6443798
6445297
6445475
6446438
6447133
6447745
6447882
6448680
6448826
6449156
6450685
6450845
6451980
6452260
6452601
6452629
6452911
6454784
6454896
6455355
6455812
6456160
6456252
6456289
6459730
6459965
6462175
6462459
6462487
6463226
6463669
6464413
6465726
6465914
6466047
6466161
6467138
6467474
6470161
6470503
6471002
6471078
6471273
6473548
6473861
6474409
6474469
6474943
6476655
6477102
6477704
6478924
6482529
6486022
6486440
6486879
6487023
6487489
6488443
6488630
6488826
6493590
6494143
6494857
6495754
6496416
6496924
6497164
6497676
6497795
6499580
6500400
6502116
6505118
6505226
6505472
6505948
6506194
6506479
6507023
6507363
6507716
6508093
6508568
6510880
6511919
6512055
6513918
6515637
6516080
6516529
6516540
6518884
6520155
6520425
6521216
6521331
6522683
6523006
6524413
6524637
6524801
6525156
6525331
6526363
6527058
6528510
6529232
6530002
6530133
6530385
6530545
6530905
6531400
6532182
6534846
6537743
6539225
6540180
6541392
6542976
6544712
6544725
6545118
6545917
6546595
6546630
6548609
6550637
6551878
6551938
6552101
6553025
6554449
6555444
6556733
6558326
6558618
6558735
6560007
6560462
6563153
6565352
6565775
6566347
6566413
6566757
6567734
6567775
6568157
6568261
6568552
6568732
6569553
6571503
6573178
6573596
6573813
6574762
6574963
6575799
6575928
6577697
6578557
6579275
6580424
6581245
6581901
6583173
6583234
6583624
6584557
6585984
6586581
6587886
6588547
6588965
6592224
6592275
6593439
6594171
6594770
6595081
6596343
6597088
6598513
6600890
6601214
6602879
6603471
6603879
6603950
6604464
6604579
6608836
6609109
6609757
6609792
6610214
6611294
6612714
6614537
6617176
6617549
6617612
6617614
6617715
6620099
6621419
6621756
6622139
6622228
6623700
6626866
6627002
6628747
6629024
6633164
6634200
6639639
6641040
6642201
6643253
6643377
6643728
6643756
6643819
6644097
6644656
6646630
6646640
6647124
6648401
6649860
6649939
6650202
6651033
6651176
6651326
6656030
6656299
6656601
6656696
6657500
6657699
6659477
6660614
6661970
6662010
6662090
6662322
6664120
6667161
6669001
6671064
6671574
6673568
6673781
6673997
6674776
6674953
6675176
6675965
6676644
6678087
6679913
6680007
6680258
6681307
6681311
6681739
6682109
6682435
6683269
6684536
6685276
6685567
6685947
6687551
6688964
6689013
6690535
6690781
6691345
6691395
6691995
6692285
6692438
6692576
6693934
6694045
6694902
6695096
6696539
6697367
6697552
6697822
6699069
6700842
6703184
6703311
6705937
6706401
6707542
6710572
6711793
6712624
6712739
6714527
6715829
6717078
6719618
6720260
6721632
6722777
6725503
6726021
6726102
6728619
6728657
6729820
6730742
6732655
6733127
6734080
6734124
6738373
6738526
6738771
6741618
6742456
6742685
6743923
6744114
6744387
6746393
6746670
6746771
6749700
6750662
6751982
6752902
6753393
6753470
6753937
6754277
6754426
6759537
6759544
6761230
6763412
6763939
6764431
6764732
6766587
6766696
6769247
6769890
6769901
6770047
6771171
6771261
6771566
6772036
6772226
6772932
6773265
6774609
6775103
6775292
6776701
6777450
6777456
6777928
6778990
6779525
6780242
6780985
6783131
6785930
6789053
6790978
6791102
6791438
6792130
6792580
6792821
6793585
6793759
6795915
6796009
6796275
6796784
6796928
6799862
6801649
6801967
6802643
6803401
6803910
6803911
6805089
6805437
6809721
6810298
6810826
6810952
6811231
6813458
6814692
6817162
6818989
6819115
6819544
6820183
6821374
6822580
6823688
6826403
6826746
6826820
6827821
6830735
6831875
6833769
6834110
6836196
6837724
6837950
6838169
6838266
6838568
6841413
6843813
6847444
6848079
6848281
6849271
6849612
6850881
6851743
6852670
6855604
6857932
6858684
6859026
6859044
6861169
6862978
6862997
6864479
6865311
6865610
6866317
6866608
6868025
6868115
6868288
6869208
6869797
6870420
6871669
6871965
6872388
6872523
6872551
6872678
6873099
6873429
6873814
6874005
6875851
6876889
6877015
6878074
6878223
6878266
6878658
6879414
6880853
6880910
6883056
6883896
6884281
6884813
6886728
6887640
6887730
6888251
6888680
6888721
6888809
6890343
6890433
6891678
6892051
6892231
6892583
6892650
6892942
6893821
6894206
6894214
6896248
6896258
6896800
6897307
6898141
6898489
6900304
6900845
6903105
6904330
6904596
6905734
6906451
6907209
6907289
6907461
6908605
6909591
6909942
6909943
6911638
6912094
6916071
6916930
6916936
6919658
6919930
6920480
6921095
6922415
6924095
6924615
6925022
6925309
6925341
6925969
6926530
6928455
6929879
6932610
6934521
6936417
6936837
6937932
6938056
6940232
6946913
6947507
6948729
6948948
6949609
6950313
6950899
6951061
6951149
6951190
6952877
6952934
6953231
6953286
6954247
6955044
6955096
6957517
6959178
6961362
6961967
6962274
6962719
6963401
6963666
6966132
6966275
6966419
6966708
6967150
6967737
6968518
6968788
6969382
6970154
6970321
6970991
6971355
6971491
6972797
6973108
6973371
6973379
6973587
6973770
6974096
6974327
6976979
6977150
6977497
6978139
6978569
6979488
6982443
6982906
6983868
6985307
6985322
6987558
6987768
6989951
6991855
6991913
6991919
6994820
6997934
6998462
7001186
7001401
7003137
7005631
7006737
7007025
7007125
7007434
7007547
7008235
7008294
7008766
7009040
7009948
7010397
7011424
7012044
7013798
7015710
7015731
7015789
7015917
7016354
7018338
7018459
7020318
7021728
7021808
7024829
7025621
7026093
7027283
7028413
7028450
7029410
7030456
7030959
7032264
7032302
7034096
7035444
7035759
7036058
7037793
7038019
7038129
7038211
7039232
7041029
7042864
7043181
7043243
7044035
7044990
7045877
7046214
7047882
7050120
7051803
7052754
7052939
7053565
7054418
7055392
7055573
7057164
7059317
7059490
7059631
7062492
7063874
7064128
7064207
7064630
7065701
7065925
7066578
7067333
7068357
7069466
7069749
7069937
7070474
7070577
7071245
7071641
7071726
7072425
7072814
7074251
7074444
7074906
7075515
7075827
7076483
7077145
7078037
7078416
7078708
7079786
7080836
7082581
7083765
7084688
7085043
7085838
7085931
7087386
7091509
7092771
7093106
7094324
7096305
7096535
7096664
7098102
7098307
7099291
7100106
7100488
7100513
7102357
7102897
7105461
7106254
7108173
7108879
7109027
7109270
7109419
7109624
7109847
7110653
7110767
7111584
7111803
7115318
7115901
7117413
7120452
7122015
7125160
7126848
7127253
7128547
7129077
7129815
7130799
7131421
7132183
7132284
7134095
7134158
7134657
7136629
7137431
7137998
7138757
7138972
7140719
7141142
7142394
7142992
7145378
7146039
7146257
7147267
7147688
7148334
7149278
7150383
7151948
7152862
7153668
7153716
7154786
7156159
7156572
7156811
7159200
7161330
7162034
7162848
7164538
7165920
7166594
7168720
7169234
7169444
7170536
7170660
7171704
7171890
7172180
7172484
7173805
7174083
7175902
7175991
7176124
7177772
7178578
7178828
7179461
7181387
7181800
7182720
7183124
7183621
7184786
7185664
7186864
7187736
7187745
7188306
7188792
7189128
7189819
7190539
7190906
7191450
7191680
7194395
7196566
7197451
7198425
7201177
7202141
7202323
7202858
7203460
7203700
7207676
7208652
7209667
7209934
7210219
7211153
7211704
7212648
7212693
7213657
7214290
7214580
7215795
7216165
7217195
7219049
7220187
7220507
7220526
7220603
7220609
7220721
7221532
7221667
7223112
7223323
7223998
7224893
7225682
7226724
7226810
7227017
7228591
7229620
7229710
7230401
7231377
7234888
7235142
7235840
7236087
7236289
7237341
7237794
7238031
7238319
7238659
7239405
7240239
7241052
7241694
7242182
7243801
7244121
7244628
7245540
7246426
7247931
7254269
7254553
7255387
7257667
7257928
7258208
7258522
7258656
7259757
7259819
7260322
7260490
7261275
7261380
7262691
7263095
7263334
7264395
7267030
7268506
7269126
7269476
7269693
7269720
7273135
7273558
7273603
7274137
7274913
7275900
7276006
7276756
7276994
7277103
7278403
7279043
7279162
7279213
7279762
7279950
7280112
7281402
7281919
7282289
7283096
7284046
7284185
7286617
7288465
7289568
7290003
7290393
7290401
7290505
7290796
7291645
7292397
7293484
7294258
7294521
7294915
7295657
7295815
7296065
7296313
7298517
7298644
7299332
7299371
7299950
7300350
7301270
7301591
7301665
7301872
7302669
7303707
7304113
7304589
7304736
7304753
7305070
7305614
7308223
7308492
7309164
7311165
7311686
7313467
7313890
7314134
7314870
7315273
7315368
7315842
7316392
7319800
7320014
7320079
7320649
7321789
7322657
7322717
7324261
7324351
7324998
7325224
7326254
7326256
7328612
7330370
7330792
7330871
7332153
7332378
7332546
7333353
7334080
7334217
7334970
7335511
7336770
7337198
7337705
7338490
7338797
7339317
7339852
7339909
7340407
7340554
7340589
7341171
7341238
7341405
7341427
7341599
7341924
7342201
7342670
7343748
7343789
7347031
7347075
7349454
7349733
7350138
7350881
7350943
7351618
7354367
7354491
7355909
7355929
7357789
7359183
7359530
7361482
7362133
7362170
7362952
7364572
7364938
7365530
7369273
7370365
7370668
7371523
7371878
7372904
7373266
7374452
7375776
7378157
7378877
7380754
7380839
7384140
7384256
7384639
7385215
7385359
7385376
7386339
7387975
7389159
7390564
7390787
7391431
7391875
7392762
7393154
7394533
7395382
7395963
7395965
7395991
7397052
7398761
7399491
7399713
7403603
7405461
7405542
7406838
7407260
7407901
7407952
7409377
7412066
7414734
7415939
7416305
7416590
7417460
7418504
7419323
7421452
7421453
7421657
7421863
7424418
7425140
7428358
7429000
7430668
7431202
7431770
7431850
7432186
7432546
7433077
7433140
7433495
7433927
7434569
7436938
7437200
7437426
7437855
7440022
7442250
7444020
7444048
7444143
7444679
7445156
7446166
7447279
7448462
7449751
7450409
7450990
7451254
7453904
7453995
7454499
7455148
7455535
7455922
7456630
7457938
7458057
7458593
7458673
7458900
7459036
7459153
7459459
7460673
7461097
7461217
7461628
7461938
7463972
7465263
7465675
7466107
7467259
7467709
7468236
7469064
7469086
7470878
7471032
7471412
7471706
7471772
7471926
7472520
7473963
7477052
7477491
7477879
7480114
7481007
7481648
7487510
7487645
7488074
7488196
7490761
7490887
7491036
7491321
7491746
7493368
7495560
7496481
7496774
7496935
7497194
7497206
7498235
7498383
7498936
7499144
7499546
7500525
7500804
7501756
7502052
7502315
7502793
7505968
7506458
7506554
7508598
7511064
7511485
7511506
7511718
7511783
7512416
7512842
7513417
7514302
7517610
7519627
7521485
7524239
7524460
7524557
7525123
7526927
7527624
7528884
7530571
7533692
7535749
7537222
7537535
7538402
7539436
7539511
7539692
7541426
7543058
7543099
7543327
7548068
7548322
7548951
7549782
7550133
7550174
7550468
7551131
7552162
7552345
7554270
7554857
7555130
7555217
7556002
7556167
7558545
7558553
7560451
7560894
7561953
7562820
7563393
7564753
7565412
7565802
7566023
7566304
7567464
7570015
7570453
7571155
7571814
7573348
7573702
7574122
7574384
7574809
7574831
7576006
7577066
7578159
7578869
7579463
7580792
7580905
7582822
7583319
7584018
7585769
7587556
7589087
7589521
7591238
7591497
7591595
7591648
7591766
7591896
7592146
7595181
7596410
7596729
7597949
7599183
7599449
7600461
7600949
7600986
7601572
7602503
7607434
7607573
7608684
7608776
7610491
7611177
7611452
7611543
7612445
7612488
7612502
7612850
7612993
7613776
7615105
7617102
7617472
7618340
7618466
7618907
7618986
7620375
7623055
7623088
7623996
7625080
7625213
7625228
7625555
7627365
7627435
7629318
7629968
7633349
7633610
7634337
7635098
7635574
7636843
7637301
7637862
7638334
7639017
7639189
7643872
7644397
7646466
7650045
7651573
7652585
7652754
7655934
7658568
7659422
7660980
7661804
7663758
7664074
7665621
7666375
7666645
7667006
7669308
7670880
7671482
7671918
7672643
7672814
7673837
7675650
7678605
7678920
7679374
7680242
7680770
7680951
7682024
7684466
7684678
7685093
7685624
7687046
7690987
7691615
7691745
7692266
7692957
7693289
7693322
7694310
7694369
7695473
7696199
7698713
7699631
7699904
7699958
7700734
7701395
7702243
7703457
7706192
7707028
7708156
7709713
7710127
7710156
7710453
7716449
7717197
7719333
7721460
7723756
7723938
7725268
7725430
7726110
7726483
7726557
7729917
7730359
7730615
7732010
7734024
7734414
7735555
7735808
7737455
7737532
7738678
7739194
7739714
7740082
7741986
7742353
7743185
7744755
7746292
7746523
7747353
7747425
7747488
7748507
7748903
7748949
7749075
7749322
7750765
7751862
7751907
7752372
7752771
7754003
7754148
7754761
7755468
7755549
7755726
7756105
7757165
7757400
7757742
7757984
7758500
7758986
7759783
7760195
7760980
7761531
7762650
7763281
7763831
7766964
7767958
7771194
7771462
7773313
7775763
7775901
7776598
7778430
7778521
7778722
7779940
7781649
7782498
7783394
7783556
7784013
7784434
7784600
7785684
7786708
7787351
7787731
7787788
7788573
7791555
7792706
7793018
7793029
7794050
7794232
7795198
7795673
7796196
7798772
7799156
7799450
7800428
7800970
7801722
7802534
7802759
7803246
7805350
7809779
7810390
7811535
7812510
7813852
7813858
7815715
7816720
7818361
7818715
7820235
7821016
7821958
7822710
7824040
7824617
7824990
7826787
7827965
7828227
7828551
7829184
7830414
7831222
7833230
7835891
7836379
7838139
7838718
7838953
7839256
7839291
7840930
7841540
7841602
7841708
7842477
7843575
7843580
7843831
7845099
7845497
7845927
7847029
7847495
7847735
7849932
7850670
7850884
7850993
7851277
7851836
7851857
7852133
7854008
7854436
7854724
7854762
7855088
7855336
7856349
7856555
7857393
7859159
7860827
7862833
7863512
7863602
7864117
7864576
7866446
7867788
7868211
7868791
7870466
7871526
7872131
7873866
7873986
7875081
7875250
7875500
7876060
7876541
7877342
7877850
7878079
7878154
7879712
7880002
7883668
7884439
7885798
7885801
7886211
7886523
7890154
7890571
7892955
7894144
7894147
7894694
7895145
7895368
7895654
7896059
7898766
7900797
7901061
7901593
7901632
7904899
7906122
7908499
7908867
7908872
7909311
7910922
7911533
7911712
7913179
7913258
7913911
7914440
7915479
7915923
7916158
7916731
7916896
7920531
7922817
7922822
7925806
7926143
7926238
7926455
7927644
7928680
7929079
7929133
7931687
7931821
7932240
7932740
7933636
7934802
7936369
7937759
7938514
7940569
7940861
7941963
7942157
7942433
7942814
7943237
7943855
7943868
7945117
7947374
7947675
7948894
7949024
7949253
7949804
7950270
7952017
7952616
7953744
7954024
7955215
7956629
7957241
7960908
7961837
7961849
7963370
7968193
7968577
7968881
7968920
7969221
7970693
7970772
7972564
7973024
7973170
7973198
7976153
7976662
7977324
7977468
7977696
7979907
7981356
7981504
7986498
7987025
7988793
7990532
7990921
7991615
7991747
7992528
7996501
7996679
7997689
7998803
7999479
8000158
8000499
8000625
8001308
8001517
8002788
8005372
8007468
8008732
8009960
8010166
8010969
8011058
8011441
8011503
8014585
8014835
8014986
8015652
8017900
8017927
8017957
8019141
8019596
8019998
8022365
8023095
8023188
8024016
8024181
8024466
8024476
8027740
8027790
8029418
8030836
8032011
8032067
8033220
8034428
8034751
8034840
8035671
8036125
8040334
8040826
8041572
8042757
8042775
8044090
8045648
8046706
8048914
8049192
8052025
8052106
8052216
8053682
8054417
8054596
8055553
8055771
8056001
8057386
8057442
8057788
8058724
8060125
8061605
8061628
8061858
8062576
8064905
8065620
8065776
8069577
8069589
8072162
8072926
8073746
8074439
8074681
8077392
8077602
8078678
8080639
8081282
8082877
8084837
8085400
8086153
8086169
8086260
8087498
8088831
8089016
8089486
8095031
8095896
8097271
8098756
8099012
8099327
8099512
8104202
8104926
8105526
8105662
8105899
8106656
8107116
8107510
8107663
8107928
8109221
8109244
8109388
8109934
8113054
8113250
8116786
8117050
8117153
8117365
8117867
8117980
8118581
8119631
8121114
8121666
8121733
8121919
8121956
8122488
8123637
8128187
8128503
8132147
8132814
8133019
8133348
8133853
8135114
8136181
8137034
8137248
8137397
8139250
8140127
8142283
8142671
8142703
8143172
8143719
8144155
8144848
8145656
8145668
8146293
8147276
8147277
8147386
8148963
8149144
8149740
8150164
8150852
8151283
8151432
8152550
8153594
8154152
8156732
8157160
8158130
8158450
8158967
8160895
8161391
8161546
8162712
8167399
8168901
8169037
8170659
8171678
8173086
8175836
8176689
8177866
8178275
8180846
8181236
8181563
8181607
8183764
8184788
8185430
8186991
8187243
8187832
8187974
8188571
8191165
8191269
8191534
8191826
8194245
8195989
8196490
8199074
8201290
8202177
8202240
8202321
8202881
8203638
8205000
8205637
8205641
8205960
8206574
8207065
8208205
8208323
8208558
8209718
8210070
8210097
8210789
8210972
8211378
8214179
8214255
8214832
8214903
8215769
8216943
8217527
8217650
8217720
8218753
8218867
8219026
8219918
8221650
8222189
8222426
8226090
8227677
8228704
8228892
8230220
8232507
8232710
8232953
8234309
8234959
8237036
8241332
8241615
8241665
8242090
8242710
8248814
8249693
8251396
8251882
8251966
8252223
8252475
8253907
8254033
8254254
8254313
8256035
8256100
8258302
8259176
8259406
8259850
8260715
8261060
8261422
8263025
8263148
8263237
8263288
8264065
8264085
8265560
8266563
8267214
8267854
8270083
8272016
8273254
8273938
8274021
8275082
8275543
8276429
8277675
8279414
8279478
8279676
8280691
8280725
8282016
8282801
8284278
8284656
8285452
8285728
8285991
8290023
8290570
8291181
8291358
8292085
8293804
8295657
8295667
8296221
8296245
8296706
8298097
8298953
8299168
8299567
8301012
8301177
8301744
8303975
8305857
8306203
8306695
8307539
8307763
8307892
8308429
8308447
8309858
8310006
8310182
8310466
8310918
8312536
8313132
8315121
8317056
8317916
8318016
8319309
8322247
8323109
8323249
8323800
8324308
8324564
8324763
8325451
8327302
8328019
8328841
8329383
8329627
8331962
8332937
8334657
8335144
8335580
8335842
8337344
8337890
8338062
8339152
8339458
8341457
8341764
8342892
8344266
8345546
8349628
8350389
8350913
8353199
8353809
8353908
8355945
8356312
8357523
8357758
8357789
8358328
8359135
8361358
8362669
8364577
8365488
8367457
8370021
8370257
8370570
8372355
8372592
8373864
8373993
8374360
8374568
8374599
8374701
8374992
8375285
8375723
8377687
8378424
8378915
8379977
8380252
8381111
8385742
8385800
8386530
8387227
8387597
8390275
8391147
8394394
8394425
8394628
8394825
8395324
8396270
8396386
8396561
8398459
8399549
8399722
8400032
8400867
8401364
8402039
8402740
8403212
8403828
8404715
8404976
8405197
8405942
8406743
8407153
8408319
8408559
8410370
8411267
8412288
8412643
8414351
8415379
8415448
8415585
8416656
8417641
8418036
8418970
8420274
8420918
8421868
8423075
8424743
8424873
8424875
8427084
8427758
8428204
8428229
8428569
8428592
8430017
8433231
8433533
8434158
8435337
8436500
8436777
8437290
8439013
8439456
8441069
8441123
8442346
8444010
8444103
8445426
8446218
8448382
8449097
8451058
8452128
8453359
8453419
8454276
8455494
8455593
8455649
8457474
8459521
8460276
8460573
8460892
8461328
8461585
8464898
8466604
8470511
8472832
8473612
8473714
8474858
8476187
8476350
8476584
8476883
8477296
8478234
8479958
8481747
8482843
8482931
8484907
8485409
8486528
8487790
8487961
8488620
8488750
8489685
8489917
8490825
8491246
8491424
8493438
8493664
8494515
8495004
8495372
8495509
8495725
8498902
8499383
8499809
8501848
8502169
8504068
8505169
8506489
8506759
8508221
8508791
8509768
8511123
8512153
8512183
8513429
8514179
8514991
8515047
8515275
8515804
8516507
8516880
8518235
8519161
8519479
8519666
8520374
8520532
8521080
8521303
8521754
8521973
8522652
8522921
8524576
8524937
8526491
8528757
8529257
8532554
8538076
8538485
8539100
8539499
8540185
8540774
8541187
8541734
8542329
8543389
8543948
8545495
8545606
8546598
8547271
8548272
8549494
8550395
8551134
8551283
8551943
8552430
8552511
8553969
8554518
8554544
8554622
8554671
8554693
8555237
8557069
8557324
8558547
8558845
8559260
8559361
8560153
8560567
8561641
8561845
8561937
8562566
8563982
8564021
8564365
8565376
8567153
8567344
8568737
8569520
8569772
8572236
8572378
8572416
8572527
8573426
8578122
8578309
8578590
8579238
8579833
8582563
8582789
8584474
8585214
8585755
8588531
8589359
8589728
8590079
8590789
8591509
8591816
8591860
8591938
8594253
8594797
8598999
8599067
8599501
8601153
8601219
8602558
8602715
8603454
8604036
8604190
8604433
8605043
8605371
8608003
8611242
8611792
8612331
8613082
8613527
8614357
8614397
8614748
8615028
8617157
8617338
8619274
8620163
8620555
8621306
8621471
8622470
8623780
8624173
8626858
8627401
8628023
8628629
8628972
8629231
8630022
8631782
8632118
8632643
8633879
8634348
8636124
8636453
8638175
8638262
8638762
8638972
8639696
8640671
8641011
8642414
8642801
8643408
8645726
8648103
8648196
8648961
8649311
8649665
8651258
8651419
8651562
8651641
8652267
8652432
8652614
8653335
8653362
8653367
8653889
8654820
8655756
8655866
8656191
8656649
8657000
8657762
8659329
8661605
8661794
8662828
8663129
8664171
8664708
8665661
8667327
8669210
8669646
8670017
8672970
8673343
8674555
8674623
8674709
8675421
8676309
8678253
8678491
8679434
8679684
8680304
8681643
8683146
8685394
8686498
8687660
8688569
8689014
8692510
8692700
8693947
8697191
8697285
8697532
8698658
8698792
8698817
8700907
8701294
8704916
8704938
8706253
8707941
8708140
8709763
8711894
8712651
8713414
8713552
8713795
8714066
8714145
8714644
8716471
8718647
8718842
8720499
8720533
8720677
8720847
8721991
8722284
8723413
8724738
8724952
8725515
8725769
8727127
8727132
8727826
8729182
8730088
8730454
8730868
8731832
8732155
8732563
8732659
8735265
8738885
8742090
8742134
8743620
8744045
8745698
8746389
8746540
8746791
8747008
8747343
8748129
8748360
8750228
8750971
8751413
8751427
8751789
8752509
8752516
8752639
8753351
8756234
8760790
8762242
8762459
8762986
8764398
8764577
8764984
8765455
8766070
8766196
8766344
8769030
8769870
8770152
8771372
8771638
8771756
8772025
8772342
8772948
8772971
8777195
8777716
8778661
8779607
8779859
8780383
8782578
8783061
8783524
8783709
8791625
8791796
8793582
8794063
8794605
8795399
8795475
8795490
8795984
8796225
8796766
8797523
8798209
8798480
8798636
8798978
8799152
8799777
8802636
8802816
8803967
8806788
8807061
8808747
8808845
8809753
8811312
8812779
8812859
8813776
8814714
8816215
8816990
8817125
8817531
8819350
8819734
8820131
8821179
8821421
8821476
8821613
8821658
8823808
8823809
8824567
8824748
8826741
8826911
8828057
8829962
8832259
8832787
8833560
8833872
8836628
8836975
8838629
8839322
8839556
8840160
8840222
8840600
8842150
8842839
8843303
8844161
8844235
8844397
8844468
8844599
8845069
8846364
8847692
8848105
8848662
8850034
8852451
8852824
8854180
8854466
8855487
8857315
8857923
8859100
8859971
8861249
8862192
8863260
8864128
8864580
8865293
8865607
8865844
8869287
8869364
8870235
8870400
8870704
8872771
8873832
8874004
8875350
8875466
8877749
8877940
8878298
8879057
8879848
8881392
8882657
8883711
8885959
8886351
8887540
8889139
8889426
8892168
8893671
8893823
8893968
8895314
8896385
8897785
8897922
8898028
8900926
8902486
8902629
8903934
8904950
8905247
8907343
8908126
8909473
8912091
8912476
8912889
8913123
8914377
8914801
8916145
8916726
8917113
8917977
8919580
8919723
8920232
8920745
8922465
8922533
8922932
8927110
8927786
8928753
8930753
8932728
8933762
8935244
8940662
8941606
8943409
8943505
8944142
8944441
8945176
8946139
8947475
8948456
8953772
8954810
8954892
8955201
8955312
8956066
8956445
8958207
8958454
8958736
8959432
8959855
8961080
8963586
8963701
8964699
8966105
8966335
8968615
8970571
8970695
8971587
8971972
8972912
8973676
8976532
8979501
8980709
8981229
8982646
8983811
8985843
8985881
8986484
8987188
8987307
8987566
8988528
8990395
8990598
8990782
8990877
8992014
8993390
8993665
8994304
8994513
8995045
8995709
8996572
8996956
8997358
8998166
8998710
8999132
9000296
9000476
9004956
9005596
9006185
9007101
9007755
9010317
9011475
9012004
9013726
9015718
9016904
9018425
9019272
9020989
9021092
9022266
9024107
9024190
9025876
9027336
9028599
9034488
9035072
9035156
9035357
9035593
9036529
9037923
9039956
9040452
9040685
9041337
9042405
9044153
9045323
9045593
9045730
9046666
9048464
9048486
9051023
9051276
9055370
9055560
9056977
9057962
9058272
9058290
9058370
9058499
9060630
9061671
9061979
9063222
9063727
9064346
9064496
9064511
9065416
9066439
9066969
9068811
9070175
9070620
9070680
9073054
9073825
9075794
9076267
9076548
9079605
9080032
9081723
9081840
9081946
9082500
9084497
9085252
9085470
9085696
9087268
9087444
9089842
9092950
9093488
9093980
9095154
9095548
9095872
9097050
9097165
9098091
9098218
9099968
9100416
9100626
9100757
9101472
9102360
9104090
9104134
9104214
9105010
9106622
9109834
9109876
9110324
9110370
9111515
9112514
9112769
9116395
9117748
9118597
9118846
9119104
9119599
9119864
9120494
9120564
9121686
9125333
9126204
9126423
9127703
9129576
9129999
9133215
9135132
9135423
9135529
9135943
9136595
9136859
9137546
9138927
9139959
9141436
9141753
9142072
9142461
9143911
9144990
9145618
9150390
9154062
9154269
9154287
9154466
9155099
9155154
9156935
9157268
9158890
9160214
9160395
9161044
9161858
9162159
9163631
9163883
9169350
9172322
9172706
9175413
9176976
9177374
9177939
9178063
9178251
9179682
9180361
9180544
9180576
9180653
9181267
9181501
9181560
9181592
9182086
9182334
9182450
9182536
9182807
9183043
9185560
9186114
9186876
9186958
9187442
9187590
9187866
9190131
9190368
9190951
9191017
9192453
9192469
9193468
9194831
9195130
9195431
9195470
9195827
9195889
9196114
9197624
9198165
9199275
9199559
9200211
9205029
9205057
9205065
9206194
9206322
9208984
9209863
9209864
9209936
9210158
9210176
9210616
9212518
9212541
9213709
9214423
9214789
9215992
9217539
9217570
9217874
9218157
9218444
9218649
9219761
9220959
9221025
9221502
9221756
9222747
9223733
9224276
9225123
9225573
9227081
9227842
9228052
9229273
9229879
9230080
9231614
9232231
9232978
9233067
9233196
9233787
9234394
9234536
9235098
9235866
9236675
9237219
9237499
9238750
9238769
9239609
9239736
9242489
9242694
9243329
9245220
9245650
9247160
9249699
9252838
9257486
9258865
9260557
9261481
9261718
9262557
9263367
9265577
9265584
9267059
9268121
9268192
9269992
9270025
9270197
9272475
9272557
9274220
9274794
9277264
9277703
9279014
9279973
9280972
9281615
9283186
9283241
9283872
9284552
9284878
9286379
9288028
9288634
9289148
9291081
9291193
9291583
9292165
9294822
9295358
9295758
9297636
9297852
9299661
9301398
9301619
9301791
9302724
9302846
9303300
9304206
9304694
9305203
9305743
9306284
9307410
9307907
9308531
9309311
9310066
9310111
9310343
9310489
9311108
9311430
9311734
9312120
9313922
9319287
9319798
9323321
9324567
9324973
9325065
9328098
9330907
9332569
9335333
9335951
9336744
9337631
9337878
9339068
9339467
9341033
9341214
9341496
9341696
9342543
9342643
9346078
9348467
9348915
9351606
9352254
9354707
9358515
9360191
9361460
9361679
9363202
9363673
9363919
9364795
9364817
9364895
9365346
9366729
9367376
9367786
9368022
9368076
9368166
9371235
9372711
9373951
9375035
9375148
9376149
9376367
9380502
9380983
9382977
9383360
9384162
9385155
9385964
9387764
9388314
9391404
9391615
9391804
9394387
9394477
9394640
9394646
9395365
9396190
9396554
9397137
9398252
9398635
9401739
9402801
9403108
9403814
9404685
9404701
9408515
9409504
9409520
9410427
9412274
9412418
9412839
9412893
9415055
9415563
9416094
9416500
9417474
9417638
9418267
9419483
9423606
9424050
9424222
9427064
9427515
9427569
9427897
9428012
9430083
9431723
9432333
9432408
9433129
9434331
9434779
9436326
9436561
9437990
9438483
9438537
9438806
9439107
9439856
9441444
9442386
9442955
9443410
9444532
9445024
9445277
9446108
9446759
9447750
9448987
9449506
9449530
9450072
9451346
9451931
9452247
9453042
9453420
9454060
9454447
9454666
9454834
9455090
9456372
9456937
9457370
9458833
9458884
9459791
9460358
9461951
9463215
9463434
9463492
9463614
9465047
9465274
9465410
9465442
9468982
9469226
9469995
9470742
9471044
9472078
9472277
9472312
9475426
9477770
9478115
9478778
9478954
9481272
9481508
9481603
9483725
9483910
9484425
9484501
9484682
9485786
9486211
9487475
9488960
9489082
9490104
9491275
9491474
9491946
9491951
9492081
9492127
9493239
9495025
9495180
9496640
9503450
9503542
9504236
9504396
9504815
9506089
9506227
9509326
9509981
9510200
9510585
9510917
9511597
9512382
9513327
9513669
9514076
9518133
9518675
9519636
9520829
9521277
9523029
9525257
9525477
9527449
9527693
9529672
9530177
9530202
9530652
9531538
9532797
9533790
9534098
9534493
9535475
9535685
9536250
9536363
9537323
9537427
9537576
9538172
9539268
9540395
9541272
9542629
9543577
9543756
9545258
9545259
9545400
9547648
9548103
9548221
9548555
9550053
9554836
9555997
9556284
9557517
9557613
9557917
9558880
9559883
9561193
9561269
9562730
9564254
9564671
9565702
9565744
9566375
9566893
9568815
9570029
9570974
9571433
9573693
9575191
9575808
9575829
9578453
9578846
9578927
9581136
9582972
9585347
9585507
9585549
9588002
9588109
9588559
9589087
9591917
9593283
9593718
9594043
9594333
9594676
9594940
9595710
9596542
9597255
9597711
9599765
9601145
9601384
9601605
9602262
9603785
9604951
9605122
9605352
9605651
9606896
9607065
9608148
9611139
9611189
9612299
9612752
9613202
9613252
9614609
9615711
9617063
9619629
9620212
9621417
9622073
9622612
9622671
9623460
9623552
9624594
9624934
9625271
9625553
9626045
9626202
9626213
9629171
9631244
9632367
9632515
9632978
9633242
9633329
9634184
9634460
9634558
9635240
9635489
9636381
9636487
9636732
9637453
9637855
9638283
9639889
9640256
9640640
9645709
9648469
9648542
9649770
9652816
9653225
9654216
9658821
9659602
9662624
9663347
9663897
9664042
9664168
9667751
9667892
9667998
9668412
9670564
9670613
9672612
9675066
9677150
9677153
9678146
9679100
9680850
9681031
9683327
9684487
9685470
9685506
9685670
9685975
9688091
9689538
9689940
9690766
9693103
9693679
9694915
9696109
9697569
9699672
9700708
9700911
9701437
9701575
9702520
9702973
9703198
9703248
9704785
9704807
9704953
9705046
9706346
9706884
9707892
9709579
9713284
9713545
9714016
9714456
9714680
9714848
9715287
9716427
9716581
9716659
9718085
9718522
9718755
9719400
9719611
9720192
9721317
9721515
9723466
9723520
9723977
9725144
9725582
9725588
9726382
9728883
9728995
9730412
9731784
9733215
9734392
9734617
9735265
9735707
9736060
9736509
9737431
9737653
9739656
9740925
9741137
9741706
9744679
9744761
9746569
9746944
9748540
9749966
9751948
9752040
9752217
9752245
9752800
9752914
9753764
9754202
9754385
9755846
9756261
9757269
9757568
9758113
9758141
9758484
9759054
9759348
9760409
9760668
9761761
9764217
9764491
9764851
9764984
9768383
9769154
9769437
9769843
9770866
9771553
9771662
9774214
9774671
9774863
9777657
9778330
9778531
9779416
9780133
9784372
9784828
9786323
9788856
9789735
9790550
9791461
9791851
9792163
9793802
9793995
9794287
9794833
9796470
9798097
9798233
9798742
9799426
9799738
9801292
9801936
9801950
9805092
9805236
9805280
9806854
9808462
9808991
9809364
9810733
9810919
9811694
9811762
9812307
9814919
9816069
9818247
9819146
9819754
9820011
9822800
9823241
9823660
9823754
9825478
9826245
9827409
9830254
9830611
9830907
9830913
9831302
9832112
9832489
9833947
9834716
9835568
9836303
9838205
9838709
9839437
9839565
9841630
9842674
9843245
9843292
9843746
9843825
9844254
9844281
9845041
9846819
9847207
9847261
9847460
9849923
9851499
9851911
9853014
9853212
9854198
9855382
9857215
9857293
9857928
9858042
9858743
9858849
9859733
9861977
9864225
9865152
9865519
9866021
9866180
9866437
9866582
9867702
9869289
9869317
9871105
9875243
9875354
9875823
9878287
9878387
9878464
9879519
9879535
9882751
9885165
9886100
9889443
9890315
9890349
9890846
9891517
9893078
9893461
9893510
9893648
9894467
9894523
9894781
9895180
9895939
9898299
9899265
9899933
9900150
9900398
9900475
9900524
9900857
9900865
9902109
9902806
9904386
9904914
9904988
9905306
9905835
9906146
9907428
9907450
9908025
9908931
9910660
9910812
9912553
9912638
9913292
9913729
9914120
9914910
9915719
9917323
9917554
9917568
9917657
9918129
9921463
9921969
9922041
9922051
9923761
9924019
9925273
9925710
9926217
9928371
9928930
9929994
9930345
9931612
9932288
9932842
9933005
9933124
9933880
9934529
9936787
9941083
9941696
9941878
9942797
9945566
9950968
9951048
9952915
9953256
9954010
9956430
9957581
9959191
9959836
9959924
9960308
9960440
9960544
9960646
9961378
9962130
9962847
9964195
9964771
9964805
9964948
9964958
9968608
9968664
9968719
9969040
9969254
9970403
9971973
9974517
9975336
9975691
9976969
9977390
9978858
9981594
9983322
9984619
9985821
9986839
9988194
9989526
9992450
9993917
9994973
9995176
9997481
9998044
9998124
9998313
9999302
9999654
