2147115
3042705
6699069
6683269
2042968
8981229
3392487
6643819
8054596
4635066
5824285
7175902
7911533
5204813
6859026
7066578
1077168
9640256
9734392
2800557
2290004
7254269
1980122
9085252
1208529
2157457
5199849
7767958
8055771
1784855
7355909
9811694
8399549
8455494
8633879
7210219
3095474
4962963
3218456
6429632
2614262
4702023
7659422
8171678
4205518
4570416
7467709
9921463
9510917
2075947
7149278
3302389
8766070
3952760
8746540
8372592
3367093
8095031
7847495
5884186
7708156
6356484
4491393
7091509
7181800
5767138
7883668
5729263
1939630
2997682
5447163
9631244
9851911
1036735
5405367
5457583
2026134
7434569
1966634
7563393
9398635
6526363
7498383
8667327
9495180
5700804
3845037
4347414
5779588
5920830
1864023
2209633
5074873
9194831
1649996
2794600
5426642
5094625
2917536
5391368
8254033
4098040
9921969
7815715
2491471
5573353
5939410
7302669
6002228
3017446
7142992
9632978
9702520
3796149
1627910
6104895
2818973
8628023
1737426
6098296
7947675
7153716
6246685
9219761
6486022
7672814
9653225
2157421
3593869
6847444
3119962
2305412
8817125
8615028
9218444
1946460
3715986
1174090
3210234
9104134
4172430
9751948
5426919
8355945
8158450
6574762
3033073
1737064
5837454
1542022
9127703
9731784
1087738
7370365
5639206
9664168
7757165
6103989
3394127
9367786
5741401
4906720
1887973
4547762
3562018
5722527
1119715
6272895
7783556
4078883
9882751
9195130
6948948
3985011
4936956
2250159
3621417
2906231
2304693
9869317
4461077
8651258
6059974
6388905
6681307
9102360
7425140
7220526
4884360
7558545
4815659
1193677
9984619
1979051
5556882
2439356
5867182
1185595
1917221
4678614
4046011
6761230
5084970
9019272
1021118
8651641
5795509
8724952
9670564
6754426
4989842
7258656
4994159
2156245
8506489
5381440
4662543
9463434
5817328
4678982
9895939
8747008
9604951
5563253
7960908
8264065
5365822
6228529
7110653
5189641
7458900
3416012
6946913
7514302
9589087
8944142
6843813
1358271
8024016
5517925
5343172
7334080
7359530
1194257
4567053
7459459
9120494
9582972
9417638
5367037
6134102
5860055
1797983
2069096
5831853
6455812
9570974
7730615
7693289
8291358
6879414
4154161
8322247
6629024
8512153
5519945
3868873
6052640
2739675
6377563
8451058
7313890
6646630
3722420
6224758
3562490
3007888
3479375
3720940
6335127
3654128
7716449
9625553
6430352
2798016
5713419
9459791
7184786
2430588
6769247
8282801
7433495
2926714
1987029
1716076
9808991
7397052
8147386
1359056
4802581
1116694
9070175
4064399
3527444
6200362
7754003
1048095
5848447
4608372
5531179
2476923
6753393
5055660
5854757
4219283
3255238
3039812
4595542
1489250
9932288
3143681
8048914
1386666
1875775
1728083
4814919
4949058
3209242
7065925
5690434
4621082
1766289
8902486
4767828
3405157
2226085
2983422
6500400
7446166
5508983
6403303
5130386
6284414
5007032
7855336
3089049
3121810
8927110
3921898
4094846
8072162
5368231
8214832
6529232
7364572
7495560
4890760
4587469
2021385
2062675
3057160
3432668
5248346
3844856
5850973
5172509
8604036
1570705
6368159
8771638
7455535
3669479
3270547
9890315
7454499
2286985
1323212
6936837
5273713
6045929
8798480
5157285
9914910
1868549
4359421
1215268
5400953
8019998
4089097
5693548
8602558
7735555
8232710
8617157
7876060
4668510
3070301
7671482
4279282
6197613
1894053
1636501
9918129
4896228
3563319
1279350
1326227
5914210
8040826
1565438
9594043
2538951
5086083
6216143
5444237
7618907
7349733
5981602
4130955
9410427
6651033
2451739
2964690
4089807
4122062
7623996
3457813
6673781
9382977
4178793
5641479
9537427
9798097
8184788
6452601
1964322
1688283
6583173
7010397
2182963
6987768
7183621
3828214
9513327
8310466
8613082
6823688
8428592
3978060
2767005
3719924
5097037
4925119
5054988
9058290
3784093
5499245
3376701
1739868
3290674
8562566
1437688
1822497
1943219
1777160
2782077
9810733
6733127
4799548
2551528
3612569
6929879
6892231
9545259
5799777
8495004
6603950
8305857
4967867
4911050
3603337
7961849
3104843
8612331
6673997
1573450
3214713
7744755
5127336
4669536
5089307
9076267
1307678
9506089
9889443
7391875
3849148
9672612
5035590
7577066
4456678
6878266
6047798
3388497
9536250
5323818
3620305
8729182
5657305
9195470
2711046
3146670
8350913
6801649
3291776
4165420
1627563
9304206
5054627
6937932
3092689
3169427
1577641
1155837
3173139
3712635
7036058
9571433
6563153
6341239
9352254
8121919
8564021
3707289
3367663
8357758
1994661
3806035
4897633
3580144
1266265
1007610
5600473
8181607
2888274
6738373
5675121
6685276
6578557
3821863
1980538
4586379
8217720
3327414
2826499
3835315
7556167
4865820
1463734
6115641
3060160
7481007
2633279
4844975
6971355
2336689
4305256
6892583
8228892
1279439
6771171
6207516
3048212
5000212
7612445
3029910
9084497
9601145
7044035
1106089
3900177
9465274
8144848
8750971
4111254
4058476
1563741
7491036
2669334
8561845
6524801
4726876
5961599
2925095
4828982
2971230
2516373
7262691
7365530
9363919
1501215
4459398
2989835
6764732
4937358
4996240
3549906
8168901
3741336
1637445
6450845
2712134
4233299
6098054
6254588
8149740
4835196
2649492
3705345
5643110
4320554
9603785
8828057
4976886
2399369
5064545
8502169
8455593
1490952
7098102
3212635
6428153
5722666
6466047
4402579
9371235
1421019
2415546
4582104
7543099
8552430
4707118
7241052
1988319
4441765
1294504
9265584
3469320
1704655
7755726
9578846
5263185
5609148
3818677
4775304
2739749
4857618
1153319
8276429
7433140
5015552
6706401
3602938
7025621
5850084
7782498
8532554
6335300
5623280
1528331
5590723
2141030
8210097
7821958
1205703
8541187
2637938
9291193
5880550
3859639
3623189
6217249
1970839
5230196
9412839
2909798
9227842
1309169
5504867
4060190
4640266
6465726
7936369
6103826
7237341
7145378
3154007
5569553
2177315
1535282
1248321
4665121
3323709
3887508
7633610
7680770
9270025
7511506
3536502
3237961
6395862
7341238
7880002
7910922
7171704
8394394
6896800
5027566
7968577
5484835
2412411
9531538
6900845
1290322
7901632
9675066
4608709
4022101
6785930
1475294
6446438
8885959
3634128
5476641
3137497
6401025
9076548
8248814
8410370
9495025
2990409
5283598
5814245
7556002
2922239
8954810
1084179
2209342
3776617
1648926
9843245
1596108
8756234
7610491
7385376
9160214
1782470
3004949
7625080
3496006
2845208
6817162
2450121
4005823
2187591
4369092
6810298
6073620
6803911
4591954
3828322
3975834
1830863
6373516
9761761
9737653
1861402
6759537
6324825
2641456
1803238
2023837
1564904
2464991
7100488
2555104
6326429
6107881
6381913
1672283
5822510
1765992
7771462
2744896
4417127
9186876
6333990
7229710
7841540
8701294
2387148
4561943
9960646
2743135
2984145
1297707
8501848
1254140
5713689
5148072
2234386
2144198
2545106
9281615
5067181
9721317
4193427
7908499
2341461
9694915
3418856
7188306
9575829
1038543
5007885
5453135
9588002
2015632
1201638
5829493
9615711
6006171
6916930
3072184
7220187
6651326
3909223
3690311
8191534
9375148
8209718
2125229
7794232
8299168
2388446
8142283
1080638
1671363
4386116
9385155
4089176
8019141
3904379
2059829
7652585
5449545
8327302
2614517
5583290
1972940
7796196
4306385
7566304
4578482
3606418
8117980
1656425
3244119
2067061
4989950
8210070
7811535
1038843
9348915
9858743
7746292
2665882
9789735
5497850
3789453
9301619
5545045
9960544
7698713
8105662
7601572
7450990
4245911
2016582
3253775
1701472
7465263
3092071
6891678
8398459
6848079
7156159
7802759
7560451
2162830
7591497
2066600
3398095
3316273
9238750
8033220
2103753
4862069
4648480
1725360
8912476
2329360
1463891
4449381
4778365
5239249
8086169
2833744
9945566
4339173
5109414
1480939
1988158
3417698
3673751
6588547
5705097
8152550
9135529
2758733
3896715
6173409
2246682
9309311
9922041
5040957
9853014
7313467
3207274
2774153
4989894
7281402
6199198
6657500
4924536
6717078
8764398
4142701
8087498
7600949
4188630
6725503
5877624
9100416
5482585
3620913
4143805
8732563
9491474
4258894
8569772
9472312
1489600
8367457
9006185
6896248
6296634
1975593
8449097
3760280
1724608
1100850
6680258
6412173
6411985
3500845
9082500
8998710
7491746
3831989
4297008
9450072
3549384
6255111
1430682
3696395
8349628
1694983
3638137
9057962
9543577
4234310
1315732
4936690
8461328
4835927
9895180
6217734
1525976
4486321
6167324
6405158
9713545
3586378
6127219
3807231
7290505
6792580
3335992
9545400
4528108
8277675
1281079
9391404
9409520
8681643
1845091
6301827
1730513
3302301
6140990
9752800
8140127
8121666
9341033
5999318
2422726
1470186
5530368
2890467
7548068
4220143
5456113
1513410
9439856
9492127
8620163
3302022
7444048
9218649
2614505
1565974
2518621
2510970
2052021
1070663
8504068
3086097
8482931
2313059
2678943
3720615
5501554
1793434
6734124
9346078
3169054
3355509
9465442
3269352
1782039
9832112
4104370
5468563
2258178
3665909
9192469
5918822
1390374
3421976
9065416
8579238
4241504
7339317
8265560
5636995
4850950
1994627
5248451
4442844
6763412
8191165
2276812
3287951
9894467
4016042
4817860
1349124
5061867
3657434
4396635
1912706
2172915
8446218
1209165
1136815
9904988
4143730
9163883
6746670
2940520
6610214
8290023
5968584
6430222
7809779
6338354
5753838
7607434
4376568
6153563
5647836
7820235
7571155
1305323
2159984
3171548
1665155
3445418
2840040
9636732
4393220
4809048
4188418
4286386
1453552
5690575
4940608
6803401
7407952
5104693
6511919
3089859
1060936
9461951
3770493
3885150
9548103
4710001
9180576
3716875
9622073
2024198
8258302
7560894
7551131
5520895
8963701
8461585
1980849
4495833
2562318
3601194
4898695
2677237
2410297
6120627
1655256
7496481
2943294
1336429
8529257
4598812
4993276
5873256
5744711
7197451
1533113
9564671
4987016
1722023
5231537
3758661
3425195
8117365
8588531
9548555
7415939
9215992
8254254
7776598
9857215
7472520
5958901
5744157
9555997
4068013
1251567
6471273
9181267
3080151
4403377
4481693
2330153
1496982
5645232
4108632
2498015
3733236
8680304
7134657
9376367
3413116
1150408
5360162
4992181
1707583
6167052
3924184
8310918
7778430
9754202
1595269
5715338
3060473
8427758
7052939
9469995
7747353
7695473
5146050
9634558
7384639
7241694
7129077
3456674
9612752
9409504
9292165
9562730
4021717
4612285
6387941
4063542
3747479
6904596
1216583
5050446
7578159
8651419
8627401
1281933
4599044
8296221
3577812
3984593
9073825
8424875
9085470
6454896
3383288
4926740
1115323
5160252
5736730
5996569
7301270
9830254
3627547
8065776
5657265
1764211
3027004
8814714
6418466
4611352
1504752
2707852
4688035
2063554
6877015
1329994
7129815
9465047
7612850
9510200
3016703
2581618
5929130
5994067
8893671
3180584
5149154
7027283
2217785
3467890
9904914
5920236
1260911
8158130
6154094
1864013
3129898
1048501
7069937
4365427
4153633
4577606
6697552
9040685
5188197
2147179
8842150
4716008
4357099
6488630
6265107
5033669
8604433
1384022
3664173
8017957
3995856
8401364
7505968
2560235
6467474
9368076
2261208
8024466
7890154
8117050
6667161
4591971
1940779
5384634
6297804
7007434
7845497
8794605
9878464
9606896
8697191
6820183
1500344
9439107
5556811
5586293
6210099
3448180
5121774
4007111
8723413
4455495
5888631
7567464
9891517
9181560
6978569
6744114
6450685
9279014
1722109
3193390
6866608
1456357
3558431
9121686
9175413
2727603
3347763
6149485
3685688
4161717
8833560
7096305
4369867
6643377
1448550
5734036
7234888
7259757
1328462
5236455
7269693
5007888
6173042
3979734
4495427
6420094
3878516
6124529
4906239
5277918
9064496
6378992
3759061
8751789
5165817
4073418
1503080
7283096
8640671
2435069
6188579
6019246
2865443
1602426
2529922
5701191
1125090
4018298
5058487
3966355
1676074
7009040
5560840
3253288
7535749
1669781
6277323
3660286
6888680
8987566
7908867
6952877
3465045
7341599
2794281
7914440
2486211
6814692
5048855
7502315
2536500
6449156
1706223
2667830
2934241
1956393
4984236
6803910
1036696
7754761
7257667
3025279
6106454
9619629
1591761
3450209
9402801
1403318
3078170
6568261
9690766
3945534
5424809
8518235
2299453
2366667
9541272
9463215
5496994
3207302
3584847
6065040
1360766
8845069
5742430
7403603
8944441
7576006
7191680
7186864
4903612
4130247
5320328
6601214
1525012
2614118
1189380
9540395
9930345
1843250
4951727
9925710
2197306
6656601
3114208
6508093
5259347
6237299
4493714
2791107
8251882
2788940
9594333
1391224
3849285
2209449
4981932
7171890
1642109
1038190
9040452
9608148
2794641
6791438
8374599
1811224
8935244
4330511
2485931
2634059
1981318
6753937
5454159
3043537
9238769
3112588
2980467
6674953
7938514
3893635
8296706
1118653
7963370
1114582
7931687
4463791
2324937
5722613
1313734
8310006
9861977
9907450
9177374
5850040
6288700
7325224
2407542
6336406
3789592
4963751
2994048
3282967
2197811
4189650
1778562
4435878
5873902
8017900
3196706
3779756
2438470
3397008
1215449
7067333
5996658
1394556
5892110
2463847
5422473
7035759
2724044
3821714
3988745
7571814
6127048
9491951
3163509
2052323
7211153
6431265
5110104
2481870
7799450
5179695
5458550
9013726
6679913
2159706
9704785
9960440
5755117
7226810
4716528
3671694
2730717
8922533
6018131
7986498
9849923
2175967
2080882
1633691
8679434
2006616
7212648
2307477
7487510
1695188
9741137
1964798
7592146
5192451
8132147
5064410
7896059
8086260
8964699
1320539
6025520
9468982
9313922
5481913
2545767
1546071
4349256
1468623
7766964
2458183
1408402
7013798
6714527
3062494
4954180
6520425
9819754
6810826
1433278
8611242
7417460
7305614
9097050
8707941
5435176
6473861
5650899
2870157
3400703
5137208
2725933
3469278
3517838
5458170
4651455
2514354
1599392
9928930
5813173
7152862
2402377
6090125
4835608
5610336
1351642
2801133
5355435
1865803
6334554
7230401
6089019
5999165
5258138
1672517
7445156
3876302
3542506
1688105
4327959
8476584
9719400
8133019
5455593
7153668
9182536
3434905
9199275
3215505
9779416
3808421
9463614
2589573
3940327
1461526
8077602
2516197
8472832
5575138
4565012
9048464
2678777
9793802
6973587
9394640
7028450
8559260
5574348
8857315
9093980
4553019
3221230
3154325
7928680
5006243
3622556
5264963
5683182
4836111
3175630
8608003
5609806
2529380
1654528
7213657
6032262
3445268
6242559
1449514
9975691
1951200
2689682
1696672
5153147
2169079
5514132
4541775
6493590
3748941
5798281
5640709
1876459
8491424
8519479
6837724
4366855
4105612
5080932
8394628
9912553
9044153
9859733
6505226
5603262
3843090
5639439
9367376
6712624
6970321
8983811
2009369
8160895
6868115
9704953
3518024
7028413
8434158
7421453
8796225
1373457
5129489
4160678
2916186
3090816
3161621
4114497
5987396
8106656
9180361
7573348
2338148
2328094
8946139
9573693
2988563
5553206
2437187
4078318
1349344
6474943
6288999
6146804
5794010
3843961
9696109
5688976
8478234
7461938
1311818
9035593
7758500
5048392
4246855
6970154
3895916
5229213
2032411
4441471
9319287
3189667
8151283
9847261
4335744
5275472
4011238
9917657
3204078
4504661
1424033
5882546
3437778
3739960
8545606
7732010
4936469
2471180
1816916
8056001
4780666
6688964
9504236
6750662
8042757
5769836
4891934
3083014
4541182
9537576
1251609
8453359
6154356
1111670
6925022
7900797
8380252
5735391
9689538
7471772
1412240
2501473
4943213
7976662
7886523
8816990
5959361
2749423
9633329
2472516
6334434
1113298
5831628
1101500
5591754
4109749
6690781
3577604
1707265
5988953
2101536
6925341
9106622
2902984
8516880
1072082
4224309
5651699
7926143
7109624
5379929
9575808
4553682
4969999
2079111
5701687
6612714
9337631
5101018
3629498
7418504
5535432
2670979
4298851
1968591
6315737
4215255
9910660
5980663
8916145
1620357
8259176
4830303
7203700
3854959
2802692
2452674
7596729
5038154
9488960
6159073
2672110
6098656
7055392
3970204
3579719
3242340
8107510
2857035
4001408
6416749
6976979
3997905
5162154
9871105
6524637
3730009
7288465
3171972
3405598
4004875
7595181
6322760
6875851
4347647
8488750
6448826
1073092
8678253
3213544
7854762
5660914
1648215
1763035
8820131
6377768
6643756
7096535
7666645
2158671
7868211
6982443
8460892
8430017
2717372
5484225
3063012
4812538
1066603
7755468
9454834
7109270
8448382
6175464
4374198
2154502
8528757
4669423
2972418
4061203
9058272
1465462
1253910
1339389
2928980
5202496
2316502
6951149
6073889
2601733
9538172
4746453
5178161
9854198
5091402
8306695
4875251
8572378
1623338
2266886
8551283
4118814
2974748
9594940
1760118
4566994
7931821
5087473
6115394
3776512
1249042
2091104
2537085
6766696
7305070
8543389
1314094
3302558
6439782
8765455
5646425
2408061
8836975
4497567
9521277
2773770
3182666
2909902
9415055
3109606
5338133
7496935
2229078
6568157
1737625
4295408
8053682
6344409
1319243
6707542
8416656
7334970
3980961
6496416
2080159
1450508
3945291
7347031
5299165
6089548
8427084
1611221
9303300
9998313
9119599
8109934
1207735
3155281
8186991
3475801
3150638
1206918
5041111
8669646
3830126
6934521
9187866
5329894
7860827
1330931
1477893
6662010
8994304
8661605
7340407
6199150
9774863
7977468
8953772
5635500
6096387
7094324
8889426
2813240
8840222
5943580
6678087
2475924
4066142
2613992
3319329
9908025
2573310
7015710
9933124
7618986
2691866
6420352
8821421
7864117
7591595
9836303
7453904
2674035
8674623
3644970
7548951
7786708
6950899
2325656
7850993
2808706
9354707
5449030
1370719
3038997
1318921
8665661
8011441
8424743
6043119
4952598
9289148
5324860
8290570
5200103
2559277
9229273
2410674
3566738
9760409
4365813
2061218
7384140
2062389
8490825
1771500
6573178
3913654
9364795
9578453
6085900
7269720
7990921
8295667
2917294
8232953
1932496
4153001
8844397
1378816
1510818
7468236
3351353
2870982
5362323
6421006
9093488
3033916
7461097
2654465
4037398
2943336
5852437
2465490
8181236
3483987
1610423
8956066
2789390
1205461
2570164
9323321
8791625
4567532
7637862
9210176
9830913
2200069
6224006
8990598
2982727
7399491
8672970
4633019
7973024
4629982
6332620
8439013
5911227
5307505
6322545
5720436
9045730
5815964
4901615
4074952
6289250
2332581
6878074
1220467
5366070
7238319
6222480
6105354
4928124
4253086
9469226
5130298
7756105
1008859
9663347
6558735
6327441
9024107
2777335
4863773
5571658
4754581
1116613
3659135
6148299
3613052
6182729
1883005
4663562
1795098
4111116
9535475
3101197
1844223
6595081
2385985
7214290
2191435
3357624
1967364
9058499
8217650
4697151
1242076
5548958
5497470
1826211
2511390
8824748
9706346
1479289
2518272
6972797
2764077
5962938
7692266
7513417
2455854
3210060
7747425
9564254
4109934
4784057
3369685
8688569
6597088
1872700
7843575
3905087
2216049
8405197
8557324
6076410
5428921
6333609
1674236
7816720
6076289
7625228
3271480
5615628
8521973
9000296
8417641
8301012
4358470
3285163
6345280
9622671
9509326
1345854
3903011
8852824
8847692
1378787
4387135
2470716
7969221
5365019
5358086
4416640
8407153
2781947
9652816
2995185
7391431
2897477
9981594
3792207
2169356
7477052
9110324
3892444
6452911
3048878
1396392
3499467
5634759
1744738
7038019
3247740
6020610
8042775
4057855
6406061
9637855
8764984
8444103
7871526
9957581
3309511
7646466
8105899
3031063
7800428
5842609
7395963
3670205
5742324
3430135
6643728
7409377
3175686
7552345
4547362
6466161
1802024
9475426
8943409
7228591
4458868
7784013
8656191
7074906
5502776
1137186
8000158
4335436
2237447
7500804
2717670
5030860
3487149
6967150
1233439
2393146
1335255
7326254
2314561
5078167
7311165
8521080
3044950
1554364
5028673
6388691
5217665
3283873
6792130
2358311
8402039
8222426
8232507
5969951
7043181
5379853
2872699
6499580
3495565
7613776
5891153
7278403
5485887
7362133
4301783
5999504
5756887
9964771
6019665
7216165
3926638
3986152
8162712
2143808
7087386
8014585
2504036
2242186
8554671
9513669
3963515
1660790
8988528
1133482
3841370
3982840
6711793
2563924
6194492
3510437
3266924
1651111
4284238
8920745
9844281
3175437
9794287
3634621
5078696
7202141
3268998
7763831
3923582
7432186
3096077
8116786
5079961
1146880
8859971
2267250
8358328
7949024
8985843
1968581
9470742
9039956
4556106
9681031
2236702
7749322
4972270
5102566
7279950
7078416
7618466
4351915
2743605
3671154
3765650
6237075
4401924
4564866
3186216
6950313
9902806
3380502
3530234
2793781
6609109
4186103
1184390
7209934
2711232
2589763
3300426
8514991
1798575
7471412
6065582
7627365
7665621
3720519
6366958
8897922
5985073
7850670
2549034
1426996
8187974
7942814
9154287
1600835
9792163
5849605
2140407
1528917
9279973
8403828
6892942
4941710
4147899
2277784
1449471
6420319
6681739
2795672
9348467
7658568
1172037
8879848
6473548
5646845
1465905
4116066
7414734
8859100
3945830
2508131
5148057
1092013
7077145
8996572
1215140
6555444
3779767
2546771
9398252
3908672
8572416
4854183
6260296
2654726
3436027
6777928
5117735
9305743
2494908
8335580
5074065
4235168
3380721
8263288
7480114
3615341
9261718
5611780
7311686
4497780
5366303
6841413
8998166
9678146
4121462
6878658
4745450
6124315
2481739
3220117
3299884
2515230
7512842
7389159
7159200
3797664
9064511
6953286
4370170
4800698
3065425
9689940
1903616
5145341
1309347
8590789
5758108
5972922
3187462
9699672
6035713
2672769
8479958
1922397
1451137
8157160
4244238
4004997
8823809
5141053
7064207
3529334
3109309
8548272
4607444
4801804
9668412
6826746
5174094
1566013
2681660
7784600
3791014
8309858
3875282
7922817
3886779
9307907
9559883
7847029
7558553
1187089
2546856
9232231
1839077
4530947
8802636
7517610
4212706
8928753
5440148
3263463
4674071
7591896
8375285
6773265
9305203
8686498
7566023
4386852
1426597
5519841
1774256
9838709
4967995
2069831
2967655
9791851
5561807
6448680
9391804
6142935
3856648
9907428
4448863
6775103
2369460
4651339
2385533
4194280
1848748
3207823
8954892
3167585
4538375
5229839
5068137
5580447
3050130
3635193
2863126
7526927
9061671
4578973
2551897
8585755
7461628
7122015
9875243
4387944
1004306
8540185
8001308
2234773
1544873
5605247
5703840
8279676
7052754
7854436
1255187
4166192
4628802
8137397
7175991
6289734
7039232
4058918
7433927
7948894
1021485
9764984
1666046
3799931
7824990
4516365
8567153
4639119
4784308
5579321
9819146
7051803
1879556
7943855
3702187
4551088
2183579
6505118
6912094
1857219
2598906
4583286
3227078
3568958
9156935
6575928
3728642
5697794
4250340
7589087
8693947
9624934
5337056
9225123
1573454
1159835
3444682
3466492
7501756
9658821
2154665
9504815
9297636
9037923
6871669
4073767
9688091
4518241
1998161
8254313
8864580
9185560
6046997
7742353
7968920
8030836
2499820
8313132
7437855
3459169
7304589
9112769
7405461
7459036
8638262
1589422
7421452
5193565
1600525
4576595
9585347
6082277
8339152
4286055
2429981
4279726
3261065
9565744
6982906
6834110
7342670
1091379
7895654
7699631
5087266
2675836
2672495
2318337
6862997
6447133
2513463
6214993
5121136
9680850
8118581
4705775
5460584
6567775
9964958
6275888
7685093
9455090
2131829
1354434
9011475
3460002
8819734
8275543
6729820
5996517
4900552
9634184
3177250
7208652
1716755
6392503
8808845
9700911
6741618
6379366
6399626
4245472
8958207
7384256
4173590
5976391
2613060
3711985
6928455
2737747
4365893
5851996
8394825
5178626
6938056
2089086
8270083
6165536
1713720
4549918
8771372
6506194
3373056
8963586
7223323
8713552
9446108
2990234
7673837
9324973
1512277
7908872
3623986
2647785
9176976
3735186
8117153
2840628
1755581
1001223
5995427
5282494
5627182
9206322
5611066
2646396
7511064
4139264
3030200
2538747
4175192
4873944
3852871
1999711
8325451
8015652
1493846
4386861
4292138
5272903
2978544
6705937
9035156
2609130
4391255
9217539
9190951
2096133
3946079
8653362
2261765
2093515
4076250
9811762
9364895
1729049
1231627
2725778
7322657
8263148
4365706
1235786
7223998
6317924
9786323
1214458
8205641
3879759
9388314
7723938
1818058
8735265
8470511
7710453
9190131
6456160
5621082
8329383
1336045
4063454
3172280
7294915
5972793
3651628
6335387
2948890
8892168
7299371
8187243
8027740
9723977
9974517
5847547
2429179
5083847
6212673
9438537
4742956
6513918
4437442
9129576
6764431
1263900
7245540
4063470
9472078
6456252
3500108
9229879
2871507
5705485
7442250
3770448
1706176
3099306
4989674
5559164
9941878
3346030
1471172
1256554
7191450
2949572
4548894
5916691
6253123
4673885
9511597
4663889
6864479
6532182
3269789
4728522
3566486
3845937
4596352
6169816
2390208
6412849
2299466
6966132
2174109
4635721
1400355
5810103
5184989
5615396
1325162
1192373
4816211
3010709
1612157
4905989
8370021
6243489
5615598
3300698
1948052
4196046
8697532
7798772
7543058
8495725
8082877
4645323
2686121
3057153
6334840
3296932
7258522
2901291
2506877
3359643
5494044
9838205
5785158
1995288
2462352
6872551
8104926
5137657
9593718
9878387
1568024
1707869
5168814
8798978
1768172
1879781
9826245
4753336
9234536
8559361
7080836
7488196
9701437
7290003
6558618
1202535
8424873
7740082
5139288
1807552
9098218
2865607
6671064
8487790
4218080
4543251
4231775
9028599
1089357
2902095
3429734
3223213
9683327
8653367
7291645
9900524
2176551
8032067
3245128
6232902
2064713
3751718
4813814
5123112
8614357
8956445
3069557
3267157
1776732
5255510
9928371
2004917
4836934
9885165
1434145
5844686
8303975
1049680
4221714
6239607
8864128
1828524
7221667
8877940
3554838
4119128
9759054
8445426
5811937
7530571
1177371
1136965
2614767
2924591
6521216
5989975
5618894
2369627
7178578
2708153
3408008
3238876
7030959
1513803
9702973
4257456
9886100
8489685
5117285
4166905
4038014
7519627
1372725
9325065
5398833
5173923
3248681
4913218
6209910
4484767
8692510
6086595
7337705
6900304
9866021
8005372
8396270
6336193
8291181
6225089
3875796
9554836
9187442
7267030
5421206
5531136
1634336
3017462
2193947
5457848
5722287
6660614
6277398
6054269
2239835
5045792
1401976
5629567
1875251
3585835
3014840
3466358
1803860
4458956
7444679
1407073
7929133
3482810
4511619
4129827
9335951
2498275
7830414
5424270
6694902
1848107
9805092
8893823
8040334
8299567
6603879
1887504
1371267
5178443
4750842
8594253
4965640
1685967
6751982
1206149
9968719
5031613
9530202
5754178
4566143
5119761
9138927
3498835
6384049
7694369
6661970
7295815
1528790
9791461
4715527
1155433
1966112
1063083
2506596
4361467
7639189
5819554
3666948
3909758
2039800
3601789
7166594
9492081
5907088
3495819
9926217
2699744
6057130
9055370
4036952
8916726
3882739
7063874
1979666
8121114
6497164
6227941
6011673
3981700
5725385
4004212
6771566
1769035
3392170
8675421
6643253
1033130
5181563
9486211
3209488
5947369
6575799
8605043
8000625
9735265
4215267
4665799
3974497
5491275
9427515
4784805
9900857
5876149
3221642
9858849
3636526
4278340
1841333
9099968
6772932
4833833
8959855
5816746
1340521
1739369
2338218
8323249
7229620
2481305
5613863
5675039
4453511
2511210
6130336
3715729
1599240
2969855
4269869
2857890
8714644
5742385
3512863
1812065
5252086
8052025
4781640
2601568
1381005
5215575
8331962
1014552
2539974
2987308
4919293
9288634
1573878
6288854
8813776
1028430
6838169
5327652
6168903
5517112
7231377
8932728
9180544
8706253
7106254
7487645
3831304
4813024
1517355
2311971
2338990
1524898
5147491
2223929
3921998
7243801
6116569
6780985
5212943
3447519
2989308
8578309
4120771
1161360
7701395
5988092
1392116
6837950
1274709
7878154
6594770
2072207
9339068
5487679
5649666
5706801
8214179
9341496
9875823
4072839
7293484
3845433
5593641
7244121
9581136
2526682
8546598
8648961
1743384
7100513
5591000
4903498
2549947
7042864
8074681
2438245
6132847
4960656
3246542
1920437
2451577
9200211
3754171
5527485
8405942
4781850
5897281
6135174
7458057
8622470
7755549
6907461
3113547
7570453
9239736
6410927
1793929
6752902
7506554
2674383
8519161
4586028
3392566
7337198
6530545
1745809
3653341
3797860
5633351
7671918
5591065
7045877
7691615
5325597
6314550
6477704
1940274
2399981
3097822
7775763
8798209
5422912
7324998
5509380
8854466
7219049
7289568
3633431
9332569
6872678
9172322
1256752
7942433
6596343
7151948
4041123
6295531
8732155
4050529
1323348
9864225
8337344
5823709
2398533
5412301
1119663
3886929
1122996
8402740
5775366
5234306
9364817
5573355
7428358
4325405
1711846
4095838
5223519
3071160
7629968
5912961
8927786
1776605
6545917
7108879
5466329
3943485
2545399
8881392
6858684
8010166
1791603
9483910
9181592
7739714
5901484
1562645
5200584
2055813
7996679
5325637
2402598
7187745
7585769
2999989
3997900
4536926
2240019
7611452
6588965
8378424
5951870
8903934
9218157
6888251
6172221
9004956
7730359
5829674
2213093
6916071
5615487
4092154
6141713
9596542
6205342
9799426
2388793
3867497
8464898
2550207
3519249
5215814
1003270
8219026
5829179
4965186
7957241
7018459
7511485
2438337
7999479
6470161
4417378
6884281
6583234
5874101
8228704
5008151
7373266
2849240
6583624
3158960
9051023
4217438
8312536
7706192
1124423
5551711
5759098
1684190
8543948
7562820
5798737
8024476
8591816
8408559
2068267
3943983
5842538
1230234
2874941
8132814
3915987
3689145
7691745
1921538
4691022
9718755
7227017
2952669
1760634
8979501
4758607
2084888
6560007
1420622
8317916
9310489
3411569
7870466
4282274
1990960
4840060
8643408
5200612
6347050
4914349
1820067
6228969
8796766
4386473
7694310
5547677
5808701
7976153
1597317
1140255
1158580
6537743
5845999
1551602
8896385
5689335
6985307
6205289
1902104
6085178
8253907
3713141
4519762
6137646
4918832
7460673
9933880
7309164
8970571
2471443
6598513
8848105
8234309
9412893
1870090
3959008
8870235
2082008
3388978
3065749
5331434
7141142
4453751
9438806
8249693
6909591
5338302
2437700
6626866
9342543
8594797
6568732
9752914
8748129
8718647
1982513
2984768
6303777
6604464
5197556
4499470
9894781
8590079
2409906
3550179
6068860
7072425
2919772
9588559
7330370
6362179
3668803
1448299
6195567
5765888
2354962
4416288
6130637
6962274
2254340
7011424
4072252
1775641
6210741
7828551
2056160
8390275
3300235
7666375
4294474
4936574
4450789
8554544
2450506
5619161
1896146
4666171
1313726
2964350
7190539
2982228
7843580
9713284
3343963
6363565
4220813
9015718
4510517
7276994
1016260
4507056
7778722
3407292
2021888
8572236
8869364
7997689
1867245
8052106
5569115
1605261
7684466
6876889
8966105
3289076
8298953
3515065
4282467
8404976
9622612
8317056
5610795
4839320
4106118
7502793
2973812
6185038
4022760
3242870
5269773
5761950
5404987
6401361
7300350
9866180
7952616
9936787
1118283
9496640
5349742
4732084
3269737
7308492
1175750
3369172
8395324
3853352
6726102
2235562
4153833
4311413
3437961
4632662
1872607
2154725
2896883
6850881
4105297
2768923
5220367
7973170
1892548
1852137
3098312
5680037
6032480
5227706
6789053
8913123
7341427
6352532
9533790
3412787
8558845
4234234
9129999
4655276
3588649
1383820
9915719
9260557
5738034
6260485
1750678
6347848
7217195
3549069
7071726
6587886
5686184
4990608
2345788
8242710
1713198
5580460
8433533
1930557
5606057
1894213
3352717
9654216
2528115
8274021
6487489
7239405
3693248
9841630
5157543
1117693
5897296
2353966
1843767
8011058
1247996
6030346
2749595
9310111
7294258
4452123
4756792
3319875
2691295
5958563
9016904
4948510
3904270
3680432
7620375
8877749
6386652
5433731
8237036
7074251
6947507
4583632
2665976
3159269
1057801
7591648
4790497
4189641
1355346
1120905
1187611
8687660
5704802
1722082
9725144
1198356
7791555
2958242
9839437
3937990
7813858
3002483
5903274
5072248
9221756
1454552
6908605
6759544
7548322
2355801
1385577
1992499
8833872
5667383
3250138
5518924
5470727
1646348
1229909
3851742
9875354
5597741
7838139
8185430
1711073
1307699
5425663
3768036
1703938
8948456
1753340
8147277
3161443
5220939
6726021
9485786
9825478
7481648
2350764
3396508
1491267
9178251
6838568
4657032
7395991
7296065
9111515
7132183
8275082
7076483
8335842
8205960
5940392
4994109
1393164
9195827
2939871
3895770
1766224
1935342
8073746
5248176
7612993
6054864
5251994
5872244
8852451
7751907
3404707
1209375
4705826
6476655
9403814
9438483
5829765
2998880
1675378
1641847
2260856
1471024
9135132
2774234
1524000
7169234
2531757
3043121
2235629
6568552
6021087
6432878
6886728
7437426
2759789
5912669
5864361
9846819
4251716
7854008
1639862
5853224
6633164
3352706
4997630
6887640
6062321
4752375
2876831
7916158
9777657
1740207
1732513
2519664
2970406
8217527
7824040
2864070
8374360
1586562
6333949
9180653
7078037
9831302
3879743
6020987
6209202
8621471
4981242
8234959
2747471
4222414
9288028
9336744
1414258
4802617
1706366
1420034
4716227
8933762
8194245
8752516
7083765
9774671
5683945
9291081
1521344
9262557
5979598
1637907
3685561
8453419
1743830
8394425
6818989
1885472
2862712
8648196
8914801
5542046
7987025
2211056
2139281
8191269
5167498
7920531
5152334
6801967
7273603
6378391
1987544
7758986
8642801
8466604
2519200
2703688
2250415
6043199
5468575
9623552
9493239
5059226
3520541
1662521
4761822
7734414
7538402
2703746
6830735
9000476
2932292
9460358
9543756
8183764
1118400
2799025
4245944
3266323
5465508
2331051
1676088
1900530
2013393
5589025
9227081
9635240
9375035
8875466
9481508
4548008
8982646
8415379
8725515
2335047
3229526
3862275
7591238
5300208
5726160
7064128
9685506
6269114
6293058
5902670
4626803
6973379
9757568
8676309
6042447
5455798
3102202
2323939
7085043
7726557
3813004
6894206
2171392
3338903
7342201
3730148
8205637
8476350
2842652
4150817
9212518
7263334
5793239
1851438
2719767
3301210
8961080
1743867
2043051
8821613
6628747
7257928
6111080
1271273
9035072
2261087
6894214
8473714
5434579
5194723
2392213
5743465
3072688
2304279
1047386
4675330
1972982
8727826
2352517
6470503
4660497
8089016
7463972
4212267
7078708
9117748
2287315
7236087
3848434
7456630
4864579
9136595
2026687
6546595
9491275
8698658
7350881
4189299
2857363
5796923
6890433
4920815
6023536
4169565
6252761
3012841
1359105
8631782
2622537
3747562
5075942
5919626
9728883
9295758
1528011
4336307
1939957
4364526
9342643
9659602
6720260
6455355
6155742
9677153
1341850
6352411
7201177
8104202
1169464
9339467
9530652
7343748
4977996
5974768
8301177
6129091
6530002
2850857
9834716
3939234
6293373
7543327
9265577
2177077
9818247
8674709
6157987
8844161
1765844
4368517
1517779
1277289
3063014
8653889
6966419
4843968
2717410
7320014
2346821
7968881
1463839
6372486
2222567
5164428
7220721
9720192
5981377
6327841
9311734
1875108
3059042
1872796
6892650
5479590
8993665
5445593
3707840
3565349
2740098
8359135
6793585
9525257
9823660
6437981
2500199
5830722
5766156
9430083
2736761
5108945
8753351
2119979
7981504
9851499
1359272
1489117
5936641
8052216
3989779
9142072
5767478
7549782
8487961
7836379
7793029
7886211
3279992
7459153
4942462
9442386
6940232
9299661
5800882
7238659
4975689
4921996
6243837
6447882
4614938
8653335
6566413
3527612
8280691
4803449
2547382
7321789
9518675
7591766
8361358
9358515
1260422
7098307
2701164
2913963
8145668
8816215
7054418
4614175
6013611
7856349
4767573
2336787
4232358
6872523
3801667
5742712
7582822
6139200
5037220
2965938
7458593
6691995
7146039
4413136
4028386
5741708
4979125
6420716
1217341
3881021
7587556
1939792
6991913
5010329
6865311
2432811
2347510
9478778
8400867
1978519
8329627
8629231
2364935
9214423
9995176
8870704
9539268
4163181
4990489
2755287
9998124
8994513
2704830
8273254
4863283
7378877
9478954
8143172
1133154
6961967
3592173
9714680
5814780
4506351
9274794
1311177
2409118
1518597
8821476
8267214
6566757
4848886
2821298
1253978
1956312
3796644
1002480
4682656
6961362
8169037
9190368
4570483
2289917
3179793
6968788
7726110
5488380
3029676
2285799
5058943
2424622
8045648
2338328
8565376
5323110
6994820
2971323
9481272
4690879
6593439
2909389
9933005
3833933
8337890
9756261
8473612
2586867
7600461
5351277
7370668
8649665
4186734
2660316
8656649
2365200
5348634
4282112
4617135
5496720
5456911
2584305
7954024
1431756
9210158
5651840
3343485
9752040
4429463
2492163
7332153
7261380
8084837
4056846
1607911
4984532
7299332
9396554
2372950
7827965
2968358
2931393
4819081
4542609
5895103
9195431
4958486
4185417
3504842
2411795
8522921
8930753
8444010
1756733
4321001
2970260
7162034
8214903
9512382
9142461
9230080
4282464
8850034
4200049
8335144
3105514
5246371
5219877
8034840
7841602
1908118
3243482
5668213
3691861
6609792
5999665
3245237
4334181
4902911
1977922
8990395
2222161
7335511
5250504
8652432
9385964
9626213
7374452
2495600
1135221
2647719
9623460
3008892
1432896
1436871
7973198
6556733
3223812
8797523
2595234
2826269
7235142
8017927
9163631
4609087
4335866
2904893
8324308
7738678
5148750
3870809
5527903
7412066
3940653
9769437
1178352
7224893
3963300
7437200
5157277
1667945
1513574
4129893
4179959
6009780
7449751
7597949
9662624
7477491
8561641
9302846
6299795
9416094
9451931
1869229
1575819
9964195
4558200
3716371
6584557
2403170
3535996
7405542
3834019
1094630
5708024
9969254
1534724
5623181
5721607
9633242
4042441
4094389
3799938
6159766
4912943
8599501
4243473
6411426
9297852
6905734
4633181
6646640
3159525
1971409
6440716
6077708
7259819
2326671
1814781
9746944
5942708
4350005
5196101
4709443
9952915
3443655
7242182
3856108
8870400
3524073
8940662
8307892
2511170
6594171
3544236
2906043
4405925
9396190
7315273
8143719
2429265
9161858
8328841
2699891
2891251
7471706
4940716
4893870
1558211
3563298
1700844
7537222
4796186
4606997
1125971
3058045
5792903
9847460
8188571
8494515
5837001
5766418
7240239
8708140
9931612
2173343
7906122
2382856
4232518
7393154
1079354
4737847
4911267
2018202
7473963
6592224
2449726
4055569
6647124
8173086
6378062
8879057
3264465
3655181
9100626
8150852
8912889
7355929
1017082
4049173
4486675
9769154
4155391
8648103
8241615
1171666
2143932
8657000
9436326
7710156
8779607
2095144
6959178
8455649
5599360
5764081
2125352
7947374
9160395
2200593
4740485
6452629
6893821
9900865
6209217
1251253
9588109
7750765
7369273
5553185
1576661
5265566
6987558
7281919
6357505
1306505
2308967
7927644
7627435
3393598
4346458
2004354
3813515
8064905
4392177
2724938
5031682
7170536
2871091
6160496
2156926
6569553
1123185
7173805
2844548
7328612
2383920
6076751
3816532
3570778
5315117
5163679
5345463
3811351
8914377
9061979
8661794
7407901
9866437
4587766
2944514
9857928
7841708
5962480
9700708
6327650
8720677
8832787
7779940
3079396
3476828
7026093
8506759
7099291
5470520
3719637
1689624
9962847
1252243
4781199
4130100
9805280
2779775
4766307
3872642
3597893
4727801
3543724
4521199
9904386
3254733
5090105
7611543
9483725
1038440
2931135
9843292
1328504
2393561
3841877
5328269
4208884
4745964
2075429
7237794
6776701
6474409
8411267
5690826
7787731
6293590
4406205
9453420
3704412
1552817
2204809
3867148
1297185
3520176
8843303
9519636
8442346
9726382
4842686
6176327
2997723
5998131
7608684
1844716
9667751
6603471
1864553
5214560
3489336
3587059
7455922
6909943
6009213
1205256
3597724
4269770
9408515
8704916
6443798
6098223
1334067
4696021
6069720
7128547
4458616
4637314
8251966
6722777
5607903
1258775
5449558
1045463
6006668
2016962
6410706
5343899
3230800
9561193
4009184
5109704
1331846
7554857
2599991
6488443
6125956
5575216
7589521
7444143
3510772
9994973
9812307
4486635
2946520
4435696
9575191
8539499
2345573
2236884
4968513
1297991
3323768
9721515
7763281
3550305
3671099
1638637
7862833
8484907
8227677
3299518
2065404
7981356
9594676
9923761
8222189
4209216
1914090
5664837
9667998
9757269
3721372
1567953
3732059
9790550
8105526
1328375
4389074
1235056
7801722
8499383
3472090
1381827
3516308
6870420
1696798
2085387
1926064
4835987
5709909
2972458
7279043
8636453
2645829
5555365
9645709
3053118
3904609
8545495
2984678
1335183
2177463
2727025
2385345
1781604
4718533
2313976
3152049
1145951
3950523
5974943
6617612
9718085
4915942
6738526
1967572
3524088
3080807
8919723
9607065
4697115
6282410
9504396
3904097
5023347
3091174
3711489
4802399
6949609
5181458
8799152
4527351
3496251
7618340
3305878
1367598
9899265
8415585
7341405
3754383
2803251
5785569
6154942
1010812
9839565
7943237
4647955
6417356
5582412
6866317
4815025
3640914
4147949
4741571
9999654
9709579
8261060
7550174
1393457
6471078
7385215
9179682
2464360
8812859
7330871
6849612
6246914
7719333
5732962
5600717
5327505
8642414
3439352
4781879
6621419
8578122
3602230
1012941
4838759
8420274
6951190
5127529
7669308
8206574
8095896
2611000
7075515
3263166
6109283
3913947
4845525
9311108
6074466
1376777
5737321
6574963
7678605
3561853
7447279
7007125
1856398
8279478
5411399
1902254
5196287
2053638
6811231
4469243
1569013
2637297
1283239
2843327
2942881
5652804
2302531
2329445
4756459
4097845
4653433
8199074
3918339
7600986
1144331
1399082
2222488
8865844
1813875
2751097
3827459
7752771
4326117
8202881
3350085
5438495
9205029
5403390
6983868
6014164
5774567
9442955
4669391
6684536
9932842
2701599
8342892
1643321
1146265
5323999
4381444
8541734
9137546
8794063
5006187
9759348
6067930
8295657
1781899
3649483
6954247
1902354
5736457
3709469
9155154
1324247
9312120
7583319
1728074
3742344
4669817
6836196
4101006
6551878
3737803
8509768
8474858
8746791
6169468
3888561
3122720
9361460
4446964
5480602
8375723
7120452
4708451
2289417
8282016
1220164
9295358
1382042
6621756
3621434
2164975
4699172
4957049
8857923
7178828
3035615
1000701
3734317
5407771
2272659
1337945
3848233
3021720
6081844
2100920
7892955
5225434
1878523
1502951
1715685
9758141
1995837
2502653
6542976
1559009
1947089
4365250
6734080
8153594
5726151
3614732
8883711
4352746
2824213
3572143
7334217
4572390
5054113
4431750
5958080
8995045
5743245
3821394
7863512
5380782
6903105
2489980
7625555
9235098
7165920
9465410
7793018
1886125
8836628
8840600
8844235
8601219
3998836
9520829
3927733
1523430
3016420
2080974
1344294
3015412
6527058
2737281
2966426
3585740
7378157
2117853
5820147
2971428
4704014
4451010
8720499
8072926
7684678
5528738
6160246
6689013
8909473
9210616
4464700
8391147
7783394
4795762
4896841
9193468
1963657
5776609
7115318
5740972
5867753
3766575
5970833
5778186
2576725
6728619
6241575
4975838
5590045
2802361
2029406
8044090
8181563
8698817
5499756
7380839
3594836
1209513
1991662
1278572
3797379
7488074
4310719
8069577
9395365
3593679
4310519
1981640
1475181
5796584
5502999
9490104
3500326
1329054
9183043
6078487
3058104
2637942
3506118
5273608
5960971
6364081
7667006
6348988
6235663
3338962
3926141
2113122
8256100
4774703
4747387
4891975
2712900
2066580
4991478
9827409
9427569
5563368
8226090
2123908
7857393
1509902
7055573
9005596
7663758
9612299
2750945
4772879
7154786
5162298
8519666
3155905
7878079
4992804
9648542
3595789
3610662
5070274
9900150
3428135
5264796
7785684
7295657
1408370
8049192
8746389
8727127
9755846
2605377
7336770
2030430
2175724
1242300
5655755
5473206
5558253
9801292
7941963
9487475
6592275
6746771
1609714
9771553
6401117
8663129
2689309
4420632
2285997
6809721
4624467
9272475
3901679
9432408
1640477
9063727
7416305
1344780
6924095
8261422
2139484
7172180
2933520
2479491
7260490
4859457
9685470
5141728
9649770
7660980
5673677
4166801
5453737
1523218
2267720
2009122
5154351
6249515
7406838
5413440
8399722
6530385
4668581
4426309
7457938
8032011
1644223
1537623
4920082
3655714
5024219
8795399
3016098
8011503
2894926
9034488
7539692
3044314
5393625
8554622
9566375
3444089
1759347
8912091
3406323
3067344
4943516
2337952
1524766
6288234
1754875
3232264
2154745
3807503
8826741
6135465
2499406
3881018
1281840
4023107
4113944
2053929
6051837
7385359
1439481
7748507
6478924
6211294
7743185
5502970
1794852
3298793
6394436
9223733
6521331
4560464
6681311
6019530
1203122
2543010
2882217
2523017
4008738
6962719
7072814
5041830
9428012
2911874
1851728
5809191
7070577
6356028
7292397
9814919
6224883
6270626
5834395
2102873
7458673
8428229
7062492
5267007
3882047
7005631
4679996
9213709
4118133
6228819
2583277
7009948
1500730
5911694
7372904
1126840
8099012
8674555
5509321
8284278
3892462
7298517
3782272
8488620
5749426
2642506
8599067
2598425
9964805
9801950
1114978
5718756
6471002
4340818
4919895
9145618
4953229
3237881
1820395
5747015
6973371
8806788
1250253
2813056
6381324
1064049
5712310
8207065
2380294
3647439
1583914
2754219
7238031
8917977
4124912
9154466
1860659
2708776
6102280
8585214
7584018
6873814
2729637
4500852
4463332
8628629
4172524
4394824
5764936
1435993
7057164
2187410
8508221
4399983
5568151
2019356
2021883
9434331
6690535
7424418
1905429
3699964
3379137
5107386
5233762
4519629
4508765
6126432
3511174
3479225
8057442
8568737
6486440
3439510
9263367
7320649
8372355
8632643
4959069
7371523
1039935
2213217
5867117
8055553
3225743
6551938
9301791
4385649
1390478
8498902
4441128
5459467
4645155
7301872
6462175
9703198
1244105
3256787
6623700
3491601
3649529
2198083
9126204
3740513
5462814
4188739
1960666
5507182
6085460
7347075
1588362
3660821
3440385
7053565
1384754
7059631
1166786
6477102
7863602
1744390
5990554
8747343
2075136
1171533
4684307
2994036
3001721
1486961
3798656
6101995
4133954
1367887
2849171
1429012
9550053
9810919
7794050
5431496
8310182
5530613
6058442
6662322
9518133
1622426
4031338
1313032
9135943
6459730
9387764
7757984
4808909
7972564
2366886
8214255
9284878
8362669
4089361
5451755
3856009
7338797
5089311
3293436
1739543
4799382
9639889
1293299
1029761
1634979
9007755
6433710
4179639
3035025
2359566
9934529
1640111
1218118
4863115
7354491
2301176
5682798
2328169
6420730
8196490
1233719
3350952
2717279
6644656
7296313
2909145
6104196
3415332
4871777
5111324
4933331
7111584
4891102
4260437
2419412
6898489
4325804
1487943
3177091
5183419
2467172
1588883
8743620
7943868
4705321
3908917
8730454
3415772
5604069
9337878
7866446
4947263
1720521
9964948
7693322
5772849
9196114
2394030
8720847
8955312
4719366
7399713
6505948
1526781
9269992
3885987
4325205
4548702
6796275
9744679
8061628
2788503
5241062
2617281
2597920
6218776
6090554
3406883
7838718
5146788
8670017
9412274
4037240
8848662
9380983
6974327
6260370
4907212
7274913
8802816
7884439
1473304
3724965
1832605
1701506
9865519
9177939
9557517
5481701
7615105
6746393
8713795
5946672
2158559
3435446
2277618
7015789
3110804
6386386
7725268
8078678
6849271
3493991
7498235
4450711
4139494
9796470
4809242
3846626
6342684
5846628
9126423
9976969
3572798
5672657
3346224
9954010
3981808
9060630
9120564
3481816
7075827
8178275
4179988
6329936
3413024
4786960
9045593
4498224
9835568
6909942
4123663
7847735
3937335
7991615
5309595
5313489
7164538
5668315
9733215
4071702
3514166
7029410
2846625
6021432
7034096
8515047
6467138
2664667
8902629
4628211
1292687
9715287
9245220
8826911
6112915
7916896
6248775
2264581
8539100
9634460
1373653
2352485
9135423
5705753
2162343
6041760
9523029
7343789
5380301
5108484
9280972
3176795
3185483
7207676
4914925
1073461
3531696
7992528
8638762
2744532
3607065
3273247
3533933
9514076
1439252
2430947
2427100
5383373
7913258
9703248
3464198
4634632
7008294
5419394
8428569
3777893
2246362
6906451
1330614
3891770
3058588
1017330
6967737
9245650
3637240
6622228
8117867
2391792
9079605
3128849
8700907
9548221
4926507
8338062
1322700
2713700
7316392
7757742
9736509
7709713
6410122
3956180
9833947
4834879
6769890
2421577
9970403
9437990
1510957
5582956
3174649
3355187
2113270
5159026
1990182
7792706
3152094
5184861
3707092
6577697
8121733
7852133
4407904
2692343
6259753
5544018
4984499
4653148
6530133
7795673
6238593
3727438
6432611
3124877
8452128
4084859
8378915
4488355
7979907
3007444
4758720
4178013
2047869
6868288
3142444
6411109
4925762
8958736
4599869
4884617
2064880
6924615
4392020
5939868
2779979
3081184
6474469
7260322
1623605
9477770
1435615
1679835
6968518
8133853
5849414
5700844
8019596
2779197
6042335
6687551
9221502
2187552
9125333
1800577
7915923
6411436
7226724
4013827
3883591
3263453
8821179
6057583
3453254
6560462
2095118
6916936
9118846
2464850
8177866
6966708
6772226
8651562
7752372
3938685
3997215
9484682
1448337
8654820
1699562
7679374
4897969
7574809
3002313
4956043
4057795
9010317
8782578
2349085
2773556
6887730
8460573
1551573
3414411
5700304
4715356
5000780
3883190
5707734
9663897
9324567
5143528
6892051
5781294
3057459
5332679
3059715
4251844
2382841
2648739
3560574
2774367
6028034
6436607
4631150
9150390
2323283
1048141
6581901
3026257
7390564
8795490
9447750
4215306
8613527
4696444
6464413
7008235
1438931
5617238
1905365
6857932
5239847
5270832
8683146
9112514
6936417
7894147
3680753
6545118
3925342
4726504
7998803
4567878
3894650
2103792
6925969
1143011
5521595
3547879
9446759
4506860
5620450
4989724
3126740
3493407
5740978
8145656
1469817
3390154
5004276
4083076
9158890
4776859
6796784
5129844
5542459
1722705
6544712
5386311
9209936
5109967
9929994
9823241
8508791
4383006
8897785
4262186
5222188
7035444
3277944
9155099
5626712
5870806
7007025
5254920
8386530
4210074
1073617
2952661
2510784
6329871
7525123
3117162
5372265
9073054
7187736
9368166
1361910
4925694
2280853
7156572
9311430
8058724
8889139
2924415
9432333
1524050
4529040
4936660
8551134
7190906
9283186
7877342
3481616
1900015
3876756
8284656
9458833
3746075
6516529
2422073
7496774
8722284
2030107
8195989
6805437
6203924
2723271
6059082
8069589
1934330
6344099
7879712
2378934
6874005
5681543
6674776
8414351
4739988
2758172
5917206
9025876
6838266
9902109
5835854
7904899
4273605
2285516
9801936
2247049
7021808
1373139
4904617
5342569
4667136
9614609
6851743
6772036
7461217
9365346
4367865
7326256
2917360
4143749
5287618
7440022
7279213
5809970
1296619
2968539
3399785
6417323
3498225
2314926
2063758
6802643
3758966
9547648
3354879
1783032
4258971
9436561
5557079
1427548
9110370
3599774
3484083
6675176
4279049
3954502
2888969
8285728
3192046
4355028
7940861
2473604
6326995
4834298
4223280
7850884
8385742
5345479
9404701
7901061
2457907
4152984
7314134
1047498
6963401
1362833
3748218
9441444
9534493
9237219
3370723
1913119
4084768
8158967
2045431
9558880
6106410
2217993
6911638
1564537
3992279
6692438
9808462
4435013
4935251
5033917
3286032
8014835
5893144
6855604
5444380
3620986
7650045
1267448
4929925
7680951
9764851
3805084
4608537
8341457
8482843
2233043
8345546
1191523
7074444
3326517
4914688
8579833
7664074
4131102
4378486
5368837
2828850
1729945
2028261
3324224
9252838
3710122
5892331
3938606
3540855
5293836
8009960
8628972
3273461
3398056
4601152
4558902
6520155
4778736
5424186
5336289
7968193
5256051
7279762
9725582
1799981
2740109
6300352
4581481
5091177
1845001
1134037
1863238
8121956
9820011
4719651
4571013
3895909
1866855
9752217
3206985
2756346
2519007
3230487
4889528
7596410
5219508
5942812
7071641
4647578
8598999
6488826
4552132
9758113
4180420
3403473
6377759
1486494
1398270
9066439
7726483
4154706
7254553
8636124
4293963
9942797
5578083
1170030
8107928
9157268
1067373
8861249
7678920
5032576
9899933
7105461
6693934
2554736
1010304
3283148
9143911
7100106
8862192
8605371
9141753
9752245
2352144
5071361
9277703
1493941
8142703
2415886
8324564
2196481
8210789
7338490
6190803
2485729
2784697
9754385
4346461
2908385
5060994
9960308
3036203
2756374
2644620
3559845
3799565
5193038
9274220
5377681
6539225
4785481
5562276
4834135
7922822
4228794
5870379
1201560
3362933
1022925
4909124
5542752
3431325
1119055
6336389
9209863
2819197
7134095
5663156
2467167
7395965
8123637
2739982
8036125
8219918
7833230
9192453
8513429
3156481
3480322
8307763
1039576
6644097
6006003
9095548
9456937
6451980
7661804
3398868
5626719
2606968
3722599
5578919
5409848
3975693
5820984
2519301
1195555
5973845
3541054
1354311
7303707
6512055
2133904
9368022
5094182
1426775
8744045
5173734
4581537
5604789
1323159
8191826
5196579
5863687
9648469
3376455
3641883
9035357
1765818
8403212
2278207
9341696
4639799
6651176
2746407
4909404
7142394
5686467
6223297
7359183
5753485
2004574
5748388
5772928
4679000
6462487
3290429
5291623
7304753
8251396
3940732
5712142
7845099
8364577
4487063
1606413
2198633
8285452
9816069
5340293
7599183
7652754
6897307
8895314
6452260
4960734
8515804
7244628
4721718
8334657
5615452
4682605
6831875
8202177
7294521
2009664
7541426
3843278
6269234
2649142
1782721
7349454
9236675
8201290
6685947
1971202
7263095
1574715
4018428
8029418
6008490
4703607
4765000
6304539
9578927
8128503
3712539
4841812
4600643
1380530
8099512
5767257
2666920
1830488
9805236
9735707
6659477
9394387
2016360
7826787
3343684
3617603
4024626
6224903
6777456
6656299
4320522
9205057
5494513
3848581
1450340
5226395
2792639
6059566
2487228
6649939
5881694
7140719
7261275
2786689
6497795
7702243
7565802
1026161
8522652
1888455
1609258
2525122
5080113
1515345
6087370
2092632
9736060
4892843
3316137
5915598
2542135
1437444
6779525
2672984
8435337
2267828
8601153
5352544
2711444
5421213
6428516
9510585
2136602
3118582
2181841
3736154
7926238
7835891
8772342
1719834
5704714
8995709
4891585
2418588
3240904
4439977
1937726
3909230
5943003
2877979
9401739
8318016
6185056
2898235
2322195
9624594
1494028
6362643
1322223
3213864
1061085
4819545
9830907
4444833
3584931
5851834
5319199
5487009
9822800
7521485
8000499
4955670
5575834
1676873
9941083
4441847
2827337
9611139
5588310
2272733
3511001
2464958
8673343
1226671
4569136
1246897
9449530
7787788
5062634
5001234
4575380
3613119
8187832
3451772
8353809
2413291
9416500
5536198
6888721
6358732
6675965
5419759
7203460
2081795
8971587
6419481
9893648
9605352
3815748
8481747
6197023
6136915
6346377
2914829
9058370
7703457
4036406
6550637
6771261
7953744
6790978
4142513
8109244
3673253
4019186
2202421
4993927
5156780
1911672
6344240
7533692
7433077
9261481
3351261
3530297
2351528
5446088
2088927
9685975
5195732
4997552
4888508
9022266
9568815
4839422
7198425
8279414
4746391
8180846
6826820
8065620
2372302
1502855
1738672
1508575
8865293
2313625
7877850
9869289
7279162
4413854
3669894
8381111
9719611
3825478
2959306
3865693
6978139
9181501
1212495
7574122
3220849
3281708
1385499
1591788
9075794
3869219
7851836
3588672
9046666
4027042
7602503
9307410
7868791
9267059
5003806
2297567
6634200
4624207
8878298
9799738
1244658
3641582
7038129
7006737
5989747
1703113
5932088
7115901
5035316
7202323
8344266
9225573
8077392
9906146
1744429
4086225
5053296
6192540
1099513
1329052
3736199
7136629
5116751
7220603
2375595
8499809
3185283
9161044
6744387
2340096
3298263
5498402
5171487
7574831
3044616
7085931
3041523
2826173
6017088
8990782
1279188
9780133
3110841
8990877
3746664
3591050
8142671
7909311
7125160
6187305
7633349
8107116
4047037
1317718
3134391
3178833
6865610
5873803
2233248
9178063
2167807
4507380
4859799
4658359
1901487
4107901
7273135
2858967
4059333
4155394
8511123
3475252
7524460
9843746
7655934
9234394
8641011
8441123
4863231
2132509
3303891
3027285
3966841
2705379
7258208
3263238
6171769
9098091
5033931
1297944
5949935
7760980
2502192
1781735
2967647
3249285
4448318
1187942
2262789
4191459
7876541
2520193
7069749
1497829
4068556
5824415
1306851
5765839
8439456
1117800
2215808
2707196
5443850
9361679
2201911
8086153
5816935
3485198
9961378
3006383
7174083
6697367
4572821
5431171
5485690
9561269
5356253
7085838
8750228
9857293
7471926
3658600
8689014
8373864
8771756
8783524
4802871
4392457
1996981
7506458
1154186
4525981
4592834
2707802
5031444
7436938
1895977
7314870
4806098
6304738
8133348
6507023
5315425
4985071
9769843
7508598
1063912
4996455
7829184
1506644
9793995
7371878
9723466
7431202
5373920
2418707
8549494
6732655
4033281
9530177
5302251
4212121
4840351
2039046
4071565
9452247
8898028
1877034
4366069
7351618
8385800
7565412
2083776
8959432
7672643
6904330
8697285
2870084
3322504
2787345
2594879
2879352
7432546
1394592
4330029
4953398
7340589
1907961
1043441
8863260
6069915
1848276
7137431
3609198
7639017
1640200
1141994
4644777
4069569
1713302
5289024
9993917
9144990
8505169
8259406
5465630
3633054
6237834
5861476
4193529
5195506
7895145
6456289
3899321
8560567
7037793
1525356
4187623
4407789
1146280
3562056
6553025
7499546
2744953
2214149
7839291
8061858
7539436
6381805
1112818
9222747
6084951
2498114
7502052
9206194
6341545
1988804
9036529
6507716
8298097
8457474
1233550
7607573
4544571
3883590
5370092
3615383
8632118
5032687
4439999
9376149
3007345
4857257
3178282
9451346
7320079
7729917
1503286
5395210
8839556
6861169
2044105
3976313
1342182
7290393
6710572
3859059
4066520
6617614
5583201
8652267
4023998
3862862
2086777
4613114
5631512
9472277
1447831
1072969
7700734
1559437
8779859
4857575
8619274
5988634
2607758
5865767
5270665
6742456
2547528
6580424
5701779
4106415
1677517
6038132
5518714
6973108
1863235
8907343
8602715
9310066
2291545
6292296
1713898
1226351
6749700
5802354
1723979
8428204
2853184
5157094
8014986
2903963
1726202
2360722
5518991
2208281
2895652
6393896
7156811
9890846
7273558
7185664
3902303
8149144
3921778
1806291
8751427
5822116
9613252
8315121
1979795
2998310
7416590
9855382
2655526
5729845
3278561
1353432
8404715
6873429
2925271
8649311
7839256
7467259
2219506
8893968
6998462
7680242
4190114
3143716
7407260
7255387
1361979
4180885
5594419
9714848
5001405
4042023
1043905
4059051
6548609
6107364
8772971
5144183
5182366
9556284
5742698
5722305
6611294
9270197
4315495
6010647
6079386
4221345
8374568
6050885
7913911
7788573
3069039
4705715
9434779
8423075
3454495
5189509
5589898
3640122
5372586
5789073
1388559
3416830
3568633
8350389
6966275
6328001
8202240
9024190
4840986
8582563
1322898
7182720
1526648
1592429
4990861
5586837
4218559
1374543
7818715
8357523
8296245
2906665
5694207
8412288
4731535
5178905
4831816
9136859
7570015
6700842
8097271
9701575
3367926
2262466
1609392
8917113
1988245
1500599
3773302
2210556
6819115
7651573
3823583
8655756
1633126
1491638
9999302
4959570
2514653
4089653
5790553
8221650
3681349
1399179
2843098
4539750
1129368
9599765
1988103
5037453
4372440
7162848
9570029
2276356
7854724
1023805
2309956
9484501
5983952
2047287
1486629
3211726
4721286
1941039
1981344
2665657
3743477
8433231
3799261
4905697
6780242
9463492
9182450
1344507
6872388
3734003
3960336
4388249
6175791
9830611
8421868
6627002
7873866
6497676
3606125
5666161
8764577
2312017
1183275
5218234
9268192
5562542
7612502
7284046
3771801
5256394
5994036
9205065
3381776
2276121
1380035
1256874
4651997
8139250
3181871
1853638
6204840
5283493
7096664
4558164
8808747
3564915
4219921
9718522
3537425
7875500
4924581
3643431
2943867
5441347
2767757
5552027
6401955
8626858
9301398
7916731
4384605
4828402
2586598
6620099
7395382
9788856
8752509
1641760
8323800
9070620
9998044
4940891
7623088
9291583
8109221
2242121
8024181
4408160
2590513
2577213
5911571
9913729
2151092
3661087
4383830
1166608
1809437
8855487
4577677
3809375
7421657
3046226
8415448
5391223
1211195
1490036
8516507
5560742
2070650
8208558
3078027
1111083
7737532
5573760
4910621
9448987
5459283
4148949
8007468
6459965
6311642
3125256
8208205
3640049
2957256
3229652
1296142
8968615
7469086
8713414
2276961
1196854
2120665
4278364
5431342
9018425
1866491
5125671
6170252
3632397
2634347
2807786
5788418
6515637
2347047
5428563
1387521
2486070
9697569
2004043
6496924
8034428
2151072
4935260
5781726
6703184
1668663
7699958
4511728
9917323
3271791
3150541
9591917
9221025
4049705
5029002
2844220
5365335
7032302
6920480
3985429
1390918
7304736
5772487
5221025
5584882
2532326
9545258
3044898
1634134
7636843
9286379
3232351
7071245
4430482
7573702
7838953
5758293
3066519
4928525
3971690
7771194
9085696
6985322
7831222
9328098
5363571
3134279
8150164
1808859
1767497
4233173
3933950
9055560
8634348
1925776
8821658
8161391
1335382
8406743
2192593
4352976
9714456
3035560
9595710
1783094
6813458
3187657
5566845
8638175
7223112
4247816
3343103
8547271
5508521
5927774
8900926
3642785
8727132
5539852
9199559
5850244
2842864
9749966
5854333
3477204
7330792
5427320
2772736
7528884
1783476
1920118
4847340
9363673
9007101
1333995
7169444
9971973
4927752
8783061
7286617
2964632
1302791
3549965
6696539
7818361
3779348
6494143
9133215
4609320
3672712
4347001
1082848
5729440
7021728
8905247
1890215
9585507
2912299
3933295
1771516
8146293
3847922
9304694
4143144
4573352
8919580
9351606
1622018
3919339
6518884
2370911
9433129
8374701
1215482
3239168
2340559
8698792
1573038
6922415
5754130
4865730
7215795
3022652
6356642
3432807
7030456
5145861
2737737
3003339
1654706
8205000
3619310
1361984
6656030
5154331
6406179
2064454
5885247
5391741
3976347
6293832
7247931
6955096
1412324
9725588
5718108
4047845
4641037
7612488
2877840
3376806
7851277
5912866
4303341
4567032
7859159
6270551
8241665
7699904
9542629
3605434
8054417
4124378
1969667
8418970
4945099
1384834
7497206
6883896
9953256
1044212
8589359
9427897
1685751
9529672
1694798
3654919
7625213
6040215
4787857
8098756
4421506
7781649
2623717
8266563
4220109
3991101
4091426
2070053
2791868
3372207
9443410
5103899
3979570
8563982
2213205
2355635
3959392
3799668
5295136
8080639
5972301
3958227
3636814
1296685
1299499
6279465
4347080
7220609
2318192
7357789
2003123
1479243
8374992
4126533
2244889
5115143
3165847
1731387
7111803
2550925
8807061
3975877
1225636
3840021
1792312
7552162
3164831
1624768
1666962
2012320
4081959
5525837
8099327
6186614
3570914
6743923
8477296
1347224
8769030
7929079
8578590
8259850
6260882
9746569
4658358
4327955
8460276
7339852
8396561
9457370
7988793
4216274
7465675
3235742
5712358
8307539
2130292
8941606
3986591
9534098
1305651
5323106
4609289
3661782
9092950
2865022
8515275
1611122
3929467
4310304
7911712
3004263
8839322
9635489
3593753
3258943
8396386
3077761
5798710
3288237
3453975
1128039
2442719
5734117
3416116
1915690
8060125
6991855
7746523
7209667
5052979
4253831
6404280
8731832
1035724
2466075
6254317
5932051
5335608
9535685
8886351
7637301
1278282
3334197
7032264
8328019
1553408
6778990
3262421
9753764
7236289
9905835
3817159
7146257
8156732
6554449
2037710
7084688
7050120
1536521
6979488
3949041
7470878
7670880
3414162
8119631
2348620
8550395
3327002
4057457
9898299
6622139
7235840
1736424
3754967
4378006
3899147
2097261
3107871
2073330
9182086
5639835
5285107
7059317
2419599
8955201
4907647
3709812
8778661
9677150
9444532
1555838
9100757
5019842
4733841
2201120
3178453
4258260
3323457
5097180
2080279
4706788
2604061
3453283
8493438
7168720
6997934
7867788
8772025
4355714
3070151
8521754
8512183
6952934
2024366
2824247
1373692
6502116
1211160
9503450
2944985
1291080
8357789
8752639
8811312
6200916
9924019
2608867
4595474
5173882
6068103
4563648
9418267
5307976
6276642
1654757
4738643
2442097
8280725
6715829
5172987
5022285
3287310
3180940
2678289
5634465
5902768
9739656
8215769
9706884
7450409
7856555
6685567
7554270
6038938
2472891
6482529
3769586
3402169
5601575
7754148
2770028
8147276
3026018
4627851
8524937
5853333
5063872
7339909
3719944
3849707
8332937
7578869
1053134
6135339
7810390
4913803
6391369
1490797
3615001
6719618
9431723
7739194
9565702
2010784
8624173
3315648
7773313
2836887
5113994
2357676
3102666
6896258
1346877
3189254
5777140
4882965
7301591
2217464
6573596
1144018
8573426
4688582
6325440
2361573
8714066
9605651
4490987
1272442
6728657
1618733
7047882
9986839
7380754
5667650
7246426
3427397
2713020
4941382
5119816
5644464
5749652
4286246
7341924
2286882
1516672
1779636
2577781
2448672
4094572
1517945
1797244
2631997
7008766
4446435
3120764
7747488
1453916
5033560
2122972
7644397
4415036
4390506
1229379
4750519
5718007
7550133
1283852
6777450
1065157
7469064
3112366
2676896
2930234
9027336
3256445
3785842
2440354
3843086
6648401
8846364
8293804
3857160
9118597
1082735
7132284
4083671
6341712
7638334
7170660
4052796
3291809
4729616
9597711
9557613
6076237
1455268
5616283
7784434
4689355
4379251
6691395
5156658
5528443
5436261
6691345
8520374
1296954
9784828
4769794
4080888
4790362
5732824
9670613
6932610
7937759
6075717
9679100
7725430
2369915
1556989
9154269
6530905
3355620
3749379
4482543
4937164
6680007
8875350
7315842
3710269
4436601
9879519
5668160
3089437
3374445
8742090
2834917
1555482
3367438
8832259
5439491
3353111
4929737
6600890
5715976
3328760
6852670
7802534
5267413
1135642
6403833
8107663
6541392
5110996
9605122
2559916
5065310
3474215
3891868
8572527
5794599
2520517
9087268
8760790
2335578
7890571
4821878
9894523
2927200
4739084
3410478
1449265
3535341
7580905
3125161
4269554
7041029
9716659
8208323
6657699
6206866
2400020
1476746
6210067
7364938
7148334
9843825
2099533
8560153
7341171
9233196
8137248
1500237
6052307
2422704
5959337
7092771
2365032
6166971
8008732
9119864
4548910
6614537
4238462
9866582
2625060
6585984
4624542
1429853
1438631
3562134
8267854
3340815
5930099
2236372
7308223
1224348
2921565
4619400
2485612
7961837
2609385
1248820
2374474
9858042
3630733
5105054
3555365
6833769
8273938
6769901
4404603
2946991
8454276
6426324
7322717
1592491
8202321
2796978
6742685
2383096
9101472
6898141
1289495
6795915
3504557
1300427
9625271
4897732
8264085
9481603
6951061
9042405
7996501
1084994
8664708
9968608
8584474
5778760
8664171
7277103
7109847
5782947
7629318
9162159
7970693
3884528
2187697
9191017
2804675
2297584
5920338
6721632
3158078
5236252
7761531
5347723
5060705
1041994
6094308
2392658
3378179
4184053
8561937
9503542
9557917
5780077
5272451
6290054
1781257
7079786
5674955
9048486
6676644
1553481
6567734
3711554
4329699
2725209
4048153
3637484
8252223
5073611
3349059
5551938
4888720
3587717
2619528
5705173
2288303
4286594
8725769
5365958
7020318
2407279
2886254
3958306
4502810
8242090
9109876
8819350
1891458
8986484
2634604
1044730
4959281
7102897
2845503
9391615
8353199
9778531
3299860
3944110
5147976
2011372
7795198
6973770
5962184
6534846
1450240
6883056
6323218
5143416
3135134
6375650
9012004
5825782
2112314
6371140
2242766
9566893
7150383
4371000
6522683
8920232
2636606
8992014
5190584
5655300
4726469
9239609
7274137
7455148
7046214
8379977
4255586
8230220
1895251
8353908
1111534
3075808
5856844
6024192
5530859
1513294
3063398
7109419
9220959
4624059
9865152
6220013
2813484
6880853
7264395
6097794
5766152
4690710
1777984
2149308
1668384
9258865
3211791
4577591
3795686
8216943
8604190
8766196
5455602
1311692
1383588
8669210
6763939
6552101
5016026
9105010
8874004
6810952
2791819
5484755
5571796
5037935
7564753
6565352
3635796
9064346
2904556
2793279
5780523
1756470
8692700
1462472
1556424
9045323
3085004
9744761
1469367
3973644
3000748
4910162
2222720
3764147
7608776
2747821
2398314
6371457
3940892
9237499
9741706
3825009
4741750
2964971
5399670
9458884
8716471
5743956
9842674
7599449
2635417
2580892
6822580
5911362
9063222
6664120
2833145
3638660
4903883
7851857
1193161
7194395
6827821
4372778
7845927
4781467
2748216
8966335
6203961
1109970
7161330
1619121
8993390
9728995
4561585
8803967
1130141
5637717
1603190
5451424
4412251
5724160
4716155
1398057
4582907
4834221
8211378
5153607
1982153
3852340
7913179
2524065
9424050
6069419
2490498
2363190
8088831
9716427
3523218
4983389
9509981
3599410
2523140
5500762
9989526
8459521
7280112
7138757
8748360
2772845
2559288
4848250
8751413
5666799
5332708
8793582
4679900
4530941
1464225
8947475
6540180
4888070
7419323
1399828
1125450
9798742
3555862
9056977
7127253
6203068
7179461
9454060
9638283
1860685
2622317
5100409
9809364
7109027
5150894
1740961
2573969
5726648
5721213
5419785
3764633
2993985
6495754
2885481
7932240
8783709
2940684
1099159
7734024
7453995
4561423
8645726
3260101
4252766
5811153
4857540
8553969
2341466
7269476
2807242
6524413
6523006
3196186
2244434
8567344
7181387
1573940
4435760
7064630
8356312
6884813
6317435
7617472
8085400
2032527
8970695
4836841
5407813
9983322
4181474
9415563
5130046
1424852
8137034
3880150
9893510
4097744
1524171
2766458
2227738
7812510
4519067
6969382
6002650
3887274
5471796
1823284
9272557
9383360
2764810
1486912
3491255
7340554
3204328
2761983
3356125
2724755
1148397
9423606
6001360
6510880
8842839
2980358
7934802
7803246
7093106
5429731
5514765
7324261
9249699
8387227
6671574
4201672
9306284
2307948
4129826
3976257
8010969
4575521
7885798
6955044
5876728
7717197
9372711
4108331
8081282
2249312
3728989
3171033
4958010
2024857
2044452
9081840
2076539
8617338
7117413
9632367
7059490
5305639
3136997
8630022
6796928
5605296
5309000
6869208
2962491
6313103
5718738
1730379
1845405
4726124
3579527
7955215
9404685
8809753
6695096
5284324
5351580
8614748
1583854
4644816
4935939
1638821
2405695
9247160
7977324
7268506
7824617
7362952
5325511
1962206
7126848
3934818
6308213
1698062
7431850
6617715
5787265
6793759
2206622
9798233
9087444
9601384
9684487
8370570
1181233
6783131
5255170
6072578
1311017
1962266
4343703
7354367
9195889
6271553
7003137
5118633
9489082
9484425
3366001
2635810
9095154
1130048
7065701
3653379
6507363
3015445
1584301
9629171
2825794
3711299
4242275
5351233
4659755
3880821
7375776
1851948
3251939
9910812
8128187
6508568
3699640
1043836
1562793
2833079
7952017
3245709
1493224
8263237
5861113
7177772
4381000
9959191
3058029
2860578
4250267
8113250
1598132
8943505
3700867
6389300
8999132
7925806
1185059
3552542
3291540
2649600
6405693
8709763
9878287
7895368
9020989
8770152
5283481
3212629
5036628
4245327
7949804
5217774
7901593
1252617
2844816
3912915
2023447
5077451
6269995
1654933
6602879
1375548
8001517
8023188
9284552
4462551
2462519
6516080
7398761
3949925
3309833
5075271
2062552
7915479
8987188
7539511
7196566
8046706
1077960
8712651
4713561
6040107
5455207
1080432
2532310
6907209
2966231
9097165
6712739
2977804
5690187
7527624
5690256
9335333
8777716
3592298
9373951
3007740
5530819
4078646
6432304
1043268
2446947
4256471
1086671
3257141
9491946
5530876
9893461
2059480
2118684
2069750
6766587
4175155
7172484
9527449
8564365
9823754
5096605
3803869
7813852
8540774
3465432
3098533
8151432
8002788
3373806
8555237
8074439
7723756
6002544
5061127
8678491
2764138
8514179
7864576
6991919
3503070
1245085
7319800
4131392
8495509
2674901
4410385
9527693
5278061
8865607
7749075
3935662
1462997
3119288
1391611
7444020
2369648
9506227
1033615
9879535
4677300
4185467
3279267
9214789
4854868
6609757
4235123
2979943
3134778
6639639
7682024
6579275
1185364
9784372
9536363
9778330
3434793
2108479
9427064
9302724
5671258
5626060
5606982
2061398
7466107
8976532
8908126
7429000
9723520
3326475
9737431
3571374
5601870
4302064
9585549
6414987
1591936
3683501
1666756
2754076
2001628
7991747
3205165
5918749
2935309
6203401
9394477
8795984
1245957
3873118
5559258
2353109
9714016
6194572
4173407
6107711
5867071
3432944
9231614
6074100
9730412
4515343
8485409
2359769
7898766
2254547
7828227
7787351
3616545
6799862
7737455
5278686
6224650
1132834
9764491
8798636
3380689
7821016
6080346
8711894
9449506
2499890
7855088
6926530
9853212
7282289
2749324
9319798
7332378
5153121
5709332
5383174
4361150
8476883
4926833
3206637
4601550
8341764
3290730
2806820
5234430
9089842
4528642
3386352
8493664
4334236
8730868
3433593
8436777
6703311
1938393
2684498
2839611
1880342
2117123
8662828
4740713
7685624
4695449
5719775
3672177
2339057
1704484
3940980
5534194
3035756
8144155
3734972
2570295
5590336
8769870
3827429
4185411
4026578
2009648
2735945
9617063
8306203
7108173
5776242
2304679
8057788
7977696
7511783
8922932
1101696
8591860
4171450
8057386
7675650
9637453
2050068
1857028
8780383
1876951
1240519
7176124
2155490
1878914
6921095
4427050
1538007
3452739
4837336
9900475
7069466
6154131
3145406
7950270
3342987
7332546
3993277
2885180
7949253
5823265
6662090
6078387
5432914
2817253
9453042
2621432
2280278
2257471
8882657
1418065
6505472
2293276
1646499
1112946
6971491
5713356
4800545
6139993
4075804
9228052
6775292
7137998
6989951
4006874
1436357
8655866
8659329
8840160
9066969
2942663
9693679
3028400
6231138
3984728
5699964
6558326
1017143
4622518
7945117
3415597
2191415
4215846
5929867
7635574
1774245
3929050
6183724
4120140
2185593
1355292
1783692
5701183
5612398
1175933
6235622
9081723
6382706
2609709
7015917
2458592
2157898
8241332
4278985
4834745
9636487
9968664
7275900
3128838
5081848
1536893
6211442
8210972
6462459
2157817
6465914
3409715
4223058
8766344
8554518
2566546
9532797
2064617
1263882
7001401
4219692
1843202
8377687
3135262
3634581
4767021
6023091
4123953
9380502
2676564
9997481
8061605
1283676
1157953
9664042
9975336
6494857
3782437
8538485
5500939
2974409
5465399
3508224
2009497
2920891
1154024
6445475
8552511
8148963
7430668
9774214
3424146
6297161
2863799
2319682
1252227
4939945
8589728
3420599
6754277
5108286
1707838
6395519
1307193
9080032
1509105
1626596
3627702
2861127
3224052
7760195
8591509
4138828
7741986
1043005
8308429
2816480
2336735
4824816
4735160
8958454
2188727
5840456
7070474
6364415
1910833
6463669
3923405
3057845
5584208
6275478
3362558
5223496
3396741
4252201
3313123
5505652
1159836
1636920
2255742
3676707
3750606
3187882
9867702
9611189
7490887
9685670
7016354
2706589
6531400
4602183
4723752
4374802
4385954
9740925
1448657
6172065
8812779
1187990
8161546
3425556
9959924
5974282
9119104
1808832
6642201
3997168
1705176
6056562
9478115
4396150
1608990
4302505
6365809
1468811
9081946
4188671
2627441
4988170
4802349
2438980
1118366
7574384
1548466
9951048
1881593
3744022
4380273
9992450
1593622
6177203
9764217
6571503
5032983
6528510
6805089
4088543
3814142
8256035
9095872
7362170
2147039
9169350
1329754
3511227
5294899
1398742
1392913
4713622
8657762
1192752
7940569
4088758
4641830
1929793
9330907
7214580
7926455
3593635
2081369
2384233
7933636
7276756
1011851
7840930
9360191
4903160
8252475
3708477
5781550
5970274
4472071
7477879
8489917
5018735
6953231
8491246
8973676
6970991
8521303
5536151
2695934
4320842
8062576
7696199
3644557
1930996
3191738
1395961
2241275
7315368
5783561
1896236
4878523
6649860
2741420
2219262
2839987
7015731
3570950
7775901
1850189
4737968
9268121
4939615
3248278
5927782
5795513
3560300
8167399
6868025
6791102
5420460
9454666
1025189
4007302
5665055
6948729
9537323
2867927
8738885
3929728
9198165
6977150
7299950
6656696
5084815
1254105
4355158
2326341
5371777
4326618
9397137
6919658
7524239
3256644
8041572
5378125
8408319
3046293
7524557
1015066
9403108
1842494
5389234
9109834
4063527
4486836
1556208
4967156
6014861
3243385
8370257
2160373
3954568
4181871
8922465
7018338
5821426
5006689
8987307
2472578
1008356
7138972
9294822
7579463
1925827
6525331
9424222
1155160
4945962
2042998
2731863
8872771
2224134
9041337
4365904
9363202
6753470
4798669
1834717
9070680
6586581
9224276
3343789
2307123
3278204
2418547
6118757
7212693
7885801
3668241
3601370
7392762
4839815
4590334
9959836
3988101
3277895
2199547
9734617
1069327
9844254
8170659
2590220
6738771
1355913
7690987
3640547
1406088
9209864
7290401
5631122
4083435
5305520
3654741
8762459
1826779
2194937
1487792
8542329
7555130
1477928
6506479
8720533
1965617
7471032
3642423
2826315
1605399
7001186
1269873
8732659
2319844
6682109
4840039
9760668
4174375
4875093
2226569
3995064
1331104
9602262
6445297
8023095
6106193
4143545
5969844
5712299
7012044
6367989
7225682
6566347
9412418
8685394
5616653
7748903
3376316
2242553
5727797
3349150
7134158
9217570
2678109
2000174
6878223
6487023
1016084
6454784
5520109
6081772
1704112
5703827
6299742
6697822
1138791
3164886
2227114
6129469
8035671
6974096
6919930
9417474
6770047
3939781
4028541
1816639
1136387
8524576
4442814
2200953
4646118
9832489
7499144
6581245
7970772
4796327
1954859
3865478
2911381
6694045
8611792
2126126
5319711
7044990
4137094
2482011
5013345
5867183
3754319
9182334
7147688
9626045
8591938
5443716
4674034
4752485
8777195
4284726
2721883
9212541
3094698
6463226
7431770
9913292
2679784
8089486
2330797
5863989
2320787
6977497
4492025
1536317
2104239
6307743
4237028
8135114
9141436
3499277
5147149
9758484
6151640
4438071
5289656
4858214
2824549
9310343
1302997
4760941
8218867
4093194
6348305
6604579
8621306
9456372
8823808
8620555
7748949
5956651
4685721
8724738
1771842
8679684
4795848
2866656
7131421
6880910
5806091
9419483
4646742
8652614
7580792
7623055
2899968
4978489
5419771
1832268
7102357
1452370
6957517
5574522
6187755
8985881
9620212
4216426
8718842
5231047
6011316
3900666
3330124
3889581
6546630
8365488
1404651
6317836
4711673
1628443
7361482
6202688
4071391
1839306
6859044
3338856
7894144
9186958
6082600
1527058
3146928
9922051
4699843
7555217
9912638
2630064
2558963
4470671
6110155
9104214
5464025
5778846
4222013
6608836
5980218
9962130
4774187
6130232
5543295
8520532
8324763
6288892
8614397
9445024
9626202
4191458
8869287
5675923
7511718
7082581
9941696
1447775
7068357
7386339
4260801
1964047
1687809
6821374
8742134
4067691
2078884
7448462
5564765
5813335
8704938
1638391
1434477
1598258
5489768
7493368
4235203
5651264
8551943
1639282
1597517
1139875
9705046
8022365
3495172
7990532
2770857
3941092
6320279
2065399
1262490
1418953
3289409
9341214
7500525
1568678
3204764
2987186
8486528
5243307
4986390
4170446
9707892
8721991
9242489
2543513
9186114
5863927
2483385
3297109
6669001
1393893
9283241
4315406
9208984
4347355
9667892
4779411
6848281
6692285
9640640
5869221
6285298
4941438
9233787
3855665
5939325
5927248
5663805
2105591
6430026
4775097
4548703
9394646
2581186
4888403
6650202
9613202
2562882
2765980
7451254
9172706
7394533
7799156
6925309
4182232
9847207
1085823
2707229
2371794
8319309
9366729
3445490
8437290
1161984
4952754
3977663
3138034
9716581
7387975
8373993
4213904
5722718
7110767
6306200
8873832
8218753
6032451
9771662
8420918
4039761
5905853
4386223
1934110
9900398
9985821
3642376
6486879
9988194
5945114
6796009
5763584
5314992
8263025
2470485
8971972
4508706
5155818
8817531
2475575
4389833
1290404
4416518
5014517
2467909
3176153
6774609
4880786
5706497
7611177
2662201
2050168
5089774
5973582
9233067
8400032
5619953
4583703
5953802
8387597
2423457
9908931
6907289
8772948
5491184
4953681
8997358
7635098
8436500
6641040
5183916
5924391
2648787
7550468
8795475
3207525
9977390
4194177
6322204
4951191
5178215
3892346
1744940
5276988
4914265
1609086
8154152
4990339
3591760
6673568
7757400
2901103
4246945
9806854
3220947
9914120
9217874
6299214
3278804
4133688
4090391
7290796
8623780
9116395
4387386
3583923
7687046
5106776
7875081
6871965
2178435
8996956
4073253
3529889
1279293
7221532
3163213
9693103
7800970
4091948
6414512
7189819
4767192
4905077
2132417
8301744
2648960
8136181
2684796
2670535
4879447
9925273
5123877
5167146
5696357
6424211
7710127
1973088
8476187
2848174
1794849
5554660
9632515
8838629
2294099
3595811
1694874
2654753
5721612
2866924
3055215
7762650
7269126
5425400
4294937
2797157
8557069
4265797
7301665
2361135
8824567
1838432
2750170
9308531
1421683
4275951
4446269
8412643
3166471
1683115
2550378
5535016
3034616
6046720
5604793
7211704
2760946
6730742
3480506
3018634
9257486
5539634
1574929
5130891
9890349
3298956
6296854
2309896
6045834
9445277
5908154
7147267
6573813
4257112
1450395
1520173
4422942
9471044
7497194
3092814
8714145
4158985
2859151
4227917
2886974
5821530
9704807
3242827
2122358
2913165
1146182
1710461
5271345
1979182
8829962
1653836
6692576
5320964
7873986
1805372
3488483
8887540
4660700
8292085
8034751
5725540
6447745
7894694
8308447
6826403
8904950
3975556
7561953
3800480
7735808
7759783
7643872
6219450
1171051
3434682
4084487
5145544
2411755
2790103
7276006
3103581
4596633
1447588
5276788
5367413
8027790
6792821
1645149
9905306
6351575
4722424
6439214
2578109
2574160
1817392
4244008
8972912
5964756
9454447
4855618
1842548
3498645
4965927
5395892
7490761
3071241
7038211
7932740
7304113
1401766
4781370
4258891
7498936
6335585
3990949
4675414
9242694
1648180
2485640
3221605
2888574
1424392
2006178
9969040
1780939
4858989
6617549
8603454
9182807
6682435
6963666
3850517
7956629
3081845
9770866
7942157
1511570
4668817
8176689
9593283
8569520
5498028
4962210
7842477
3546135
9235866
9232978
2711158
3220485
1303739
4838832
8495372
2677941
8730088
2303904
9139959
4870303
3710936
2319839
2561710
9768383
3264632
4291651
9956430
5979505
9597255
6146931
6890343
1476924
6544725
8538076
4828002
7183124
2411914
7298644
9021092
7007547
6327553
7692957
2086173
2123788
3373142
7512416
8418036
5848553
9277264
6433855
4003727
5768909
3663304
4615487
2053023
3878784
1014778
9525477
3397636
1247083
6184258
5102454
5730177
2867307
9187590
7043243
6066399
2925994
2670371
2056877
1327337
7617102
7350943
8554693
7202858
3611629
9384162
2630266
4086363
6339734
8844468
6525156
5213052
3836203
5370607
5144778
6302582
4369093
3941331
1317685
6373499
8844599
4872703
2144748
4673118
9197624
3846044
4760603
3399259
2078858
2413498
1182385
8980709
3297470
6149912
4135361
6869797
1979581
5273119
8339458
6163298
8441069
6063121
4428885
5426124
1290459
1501870
3002890
6160210
4523747
2610203
4140343
5920414
2639071
4990375
3929178
1356919
1852985
8175836
9748540
7220507
8762986
3120691
4715697
5018904
1181883
7843831
3225437
6138361
2354925
1062023
7634337
7333353
2370725
3144140
4531814
5172754
3350465
9845041
6565775
5508340
3266060
4995874
5410144
5843914
9636381
1316195
9104090
8122488
3294901
5166251
7421863
3892137
7805350
4886267
1328429
8109388
5348601
8638972
5949748
4448898
4737689
8745698
6432475
4536091
9917568
3938020
5319915
5261457
4358621
7024829
7849932
4756182
3714567
4984960
9917554
7822710
5385914
5719630
2801273
5309076
7537535
7707028
2917595
9154062
7188792
4908123
1976794
2171902
3372639
1454701
1387401
8791796
1345661
6516540
7350138
5799335
5363118
6009165
9068811
3295720
8526491
7390787
9794833
3291298
6165399
1942896
8323109
2093856
5634680
3063381
2908958
7751862
9601605
3512734
3149744
8945176
4156892
8799777
9283872
2994876
7284185
8260715
6819544
6052858
2227117
1638827
7491321
1083466
3937300
2975172
1903772
6120471
9893078
1541328
9243329
3876839
8203638
6862978
6100487
6097784
8854180
5398951
5486337
1204822
2011921
8582789
5375063
4154063
2577094
8558547
4969461
5007668
6223331
7875250
8113054
7721460
2260801
3428461
3241146
2154837
2364494
7324351
1862091
5492163
4825860
6873099
2230502
1168283
8272016
7872131
3538975
9978858
4447391
7189128
3019419
7778521
1646236
5090032
4200832
5461167
1804728
5215294
8639696
4011126
3068035
4763912
6888809
4616524
8762242
4845461
6617176
4183875
9051276
7130799
2585734
5200865
9950968
9621417
1773097
3372767
8285991
